          1.414         -2.356         0.5236         0.2618        -0.7854         0.3457         0.5028              1
          1.414         -2.356         0.5236         0.2618        -0.7854         0.3457         0.5028              1
          1.414         -2.356         0.5236         0.2618        -0.7854         0.3457         0.5028              1
          1.414         -2.356         0.5236         0.2618        -0.7854         0.3457         0.5028              1
          1.414         -2.356         0.5236         0.2618        -0.7854         0.3457         0.5028              1
          1.414         -2.356         0.5236         0.2618        -0.7854         0.3457         0.5028              1
          1.414         -2.356         0.5236         0.2618        -0.7854         0.3457         0.5028              1
          1.414         -2.356         0.5236         0.2618        -0.7854         0.3457         0.5028              1
          1.414         -2.356         0.5236         0.2618        -0.7854         0.3457         0.5028              1
          1.414         -2.356         0.5236         0.2618        -0.7854         0.3457         0.5028              1
          1.414         -2.356         0.5236         0.2618        -0.7854         0.3457         0.5028              1
          1.414         -2.356         0.5236         0.2618        -0.7854         0.3457         0.5028              1
          1.414         -2.356         0.5236         0.2618        -0.7854         0.3457         0.5028              1
          1.414         -2.356         0.5236         0.2618        -0.7854         0.3457         0.5028              1
          1.414         -2.356         0.5236         0.2618        -0.7854         0.3457         0.5028              1
          1.414         -2.356         0.5236         0.2618        -0.7854         0.3457         0.5028              1
          1.414         -2.356         0.5236         0.2618        -0.7854         0.3457         0.5028              1
          1.414         -2.356         0.5236         0.2618        -0.7854         0.3457         0.5028              1
          1.414         -2.356         0.5236         0.2618        -0.7854         0.3457         0.5028              1
          1.414         -2.356         0.5236         0.2618        -0.7854         0.3457         0.5028              1
          1.414         -2.356         0.5236         0.2618        -0.7854         0.3457         0.5028              1
          1.414         -2.356         0.5236         0.2618        -0.7854         0.3457         0.5028              1
          1.414         -2.356         0.5236         0.2618        -0.7854         0.3457         0.5028              1
          1.414         -2.356         0.5236         0.2618        -0.7854         0.3457         0.5028              1
          1.414         -2.356         0.5236         0.2618        -0.7854         0.3457         0.5028              1
          1.414         -2.356         0.5236         0.2618        -0.7854         0.3457         0.5028              1
          1.414         -2.356         0.5236         0.2618        -0.7854         0.3457         0.5028              1
          1.414         -2.356         0.5236         0.2618        -0.7854         0.3457         0.5028              1
          1.414         -2.356         0.5236         0.2618        -0.7854         0.3457         0.5028              1
          1.414         -2.356         0.5236         0.2618        -0.7854         0.3457         0.5028              1
          1.414         -2.356         0.5236         0.2618        -0.7854         0.3457         0.5028              1
          1.414         -2.356         0.5236         0.2618        -0.7854         0.3457         0.5028              1
          1.414         -2.356         0.5236         0.2618        -0.7854         0.3457         0.5028              1
          1.414         -2.356         0.5236         0.2618        -0.7854         0.3457         0.5028              1
          1.414         -2.356         0.5236         0.2618        -0.7854         0.3457         0.5028              1
          1.414         -2.356         0.5236         0.2618        -0.7854         0.3457         0.5028              1
          1.414         -2.356         0.5236         0.2618        -0.7854         0.3457         0.5028              1
          1.414         -2.356         0.5236         0.2618        -0.7854         0.3457         0.5028              1
          1.414         -2.356         0.5236         0.2618        -0.7854         0.3457         0.5028              1
          1.414         -2.356         0.5236         0.2618        -0.7854         0.3457         0.5028              1
          1.414         -2.356         0.5236         0.2618        -0.7854         0.3457         0.5028              1
          1.414         -2.356         0.5236         0.2618        -0.7854         0.3457         0.5028              1
          1.414         -2.356         0.5236         0.2618        -0.7854         0.3457         0.5028              1
          1.414         -2.356         0.5236         0.2618        -0.7854         0.3457         0.5028              1
          1.414         -2.356         0.5236         0.2618        -0.7854         0.3457         0.5028              1
          1.414         -2.356         0.5236         0.2618        -0.7854         0.3457         0.5028              1
          1.414         -2.356         0.5236         0.2618        -0.7854         0.3457         0.5028              1
          1.414         -2.356         0.5236         0.2618        -0.7854         0.3457         0.5028              1
          1.414         -2.356         0.5236         0.2618        -0.7854         0.3457         0.5028              1
          1.414         -2.356         0.5236         0.2618        -0.7854         0.3457         0.5028              1
          1.414         -2.356         0.5236         0.2618        -0.7854         0.3457         0.5028              1
          1.414         -2.356         0.5236         0.2618        -0.7854         0.3457         0.5028              1
          1.414         -2.356         0.5236         0.2618        -0.7854         0.3457         0.5028              1
          1.414         -2.356         0.5236         0.2618        -0.7854         0.3457         0.5028              1
          1.414         -2.356         0.5236         0.2618        -0.7854         0.3457         0.5028              1
          1.414         -2.356         0.5236         0.2618        -0.7854         0.3457         0.5028              1
          1.414         -2.356         0.5236         0.2618        -0.7854         0.3457         0.5028              1
          1.414         -2.356         0.5236         0.2618        -0.7854         0.3457         0.5028              1
