1.5708  0  0  14  
1.5708  0  0  26  
1.5708  0  0  37  
1.5708  0  0  49  
1.5708  0  0  60  
1.5708  0  0  72  
1.5708  0  0  84  
1.5708  0  0  96  
1.5708  0  0  107  
1.5708  0  0  119  
1.5708  0  0  130  
1.5708  0  0  141  
1.5708  0  0  153  
1.5708  0  0  165  
1.5708  0  0  176  
1.5708  0  0  188  
1.5708  0  0  200  
1.5708  0  0  212  
1.5708  0  0  225  
1.5708  0  0  237  
1.5708  0  0  249  
1.5708  0  0  260  
1.5708  0  0  272  
1.5708  0  0  284  
1.5708  0  0  296  
1.5708  0  0  309  
1.5708  0  0  321  
1.5708  0  0  332  
1.5708  0  0  344  
1.5708  0  0  356  
1.5708  0  0  368  
1.5708  0  0  381  
1.5708  0  0  394  
1.5708  0  0  406  
1.5708  0  0  417  
1.5708  0  0  429  
1.5708  0  0  442  
1.5708  0  0  453  
1.5708  0  0  465  
1.5708  0  0  477  
1.5708  0  0  489  
1.5708  0  0  501  
1.5708  0  0  513  
1.5708  0  0  524  
1.5708  0  0  536  
1.5708  0  0  548  
1.5708  0  0  560  
1.5708  0  0  572  
1.5708  0  0  584  
1.5708  0  0  596  
1.5708  0  0  608  
1.5708  0  0  619  
1.5708  0  0  631  
1.5708  0  0  642  
1.5708  0  0  654  
1.5708  0  0  665  
1.5708  0  0  676  
1.5708  0  0  687  
1.5708  0  0  699  
1.5708  0  0  711  
1.5708  0  0  722  
1.5708  0  0  734  
1.5708  0  0  746  
1.5708  0  0  759  
1.5708  0  0  770  
1.5708  0  0  783  
1.5708  0  0  795  
1.5708  0  0  807  
1.5708  0  0  818  
1.5708  0  0  829  
1.5708  0  0  841  
1.5708  0  0  853  
1.5708  0  0  864  
1.5708  0  0  876  
1.5708  0  0  888  
1.5708  0  0  900  
1.5708  0  0  911  
1.5708  0  0  922  
1.5708  0  0  935  
1.5708  0  0  947  
1.5708  0  0  960  
1.5708  0  0  972  
1.5708  0  0  984  
1.5708  0  0  996  
1.5708  0  0  1007  
1.5708  0  0  1018  
1.5708  0  0  1029  
1.5708  0  0  1040  
1.5708  0  0  1052  
1.5708  0  0  1064  
1.5708  0  0  1076  
1.5708  0  0  1087  
1.5708  0  0  1099  
1.5708  0  0  1112  
1.5708  0  0  1123  
1.5708  0  0  1135  
1.5708  0  0  1147  
1.5708  0  0  1158  
1.5708  0  0  1170  
1.5708  0  0  1182  
1.5708  0  0  1194  
1.5708  0  0  1206  
1.5708  0  0  1218  
1.5708  0  0  1230  
1.5708  0  0  1241  
1.5708  0  0  1253  
1.5708  0  0  1265  
1.5708  0  0  1276  
1.5708  0  0  1287  
1.5708  0  0  1298  
1.5708  0  0  1309  
1.5708  0  0  1320  
1.5708  0  0  1332  
1.5708  0  0  1343  
1.5708  0  0  1354  
1.5708  0  0  1367  
1.5708  0  0  1378  
1.5708  0  0  1390  
1.5708  0  0  1403  
1.5708  0  0  1415  
1.5708  0  0  1427  
1.5708  0  0  1439  
1.5708  0  0  1450  
1.5708  0  0  1462  
1.5708  0  0  1474  
1.5708  0  0  1487  
1.5708  0  0  1499  
1.5708  0  0  1512  
1.5708  0  0  1524  
1.5708  0  0  1536  
1.5708  0  0  1547  
1.5708  0  0  1558  
1.5708  0  0  1570  
1.5708  0  0  1582  
1.5708  0  0  1594  
1.5708  0  0  1606  
1.5708  0  0  1618  
1.5708  0  0  1630  
1.5708  0  0  1642  
1.5708  0  0  1654  
1.5708  0  0  1665  
1.5708  0  0  1678  
1.5708  0  0  1689  
1.5708  0  0  1700  
1.5708  0  0  1712  
1.5708  0  0  1724  
1.5708  0  0  1736  
1.5708  0  0  1749  
1.5708  0  0  1762  
1.5708  0  0  1774  
1.5708  0  0  1786  
1.5708  0  0  1797  
1.5708  0  0  1809  
1.5708  0  0  1821  
1.5708  0  0  1834  
1.5708  0  0  1846  
1.5708  0  0  1857  
1.5708  0  0  1869  
1.5708  0  0  1880  
1.5708  0  0  1891  
1.5708  0  0  1902  
1.5708  0  0  1914  
1.5708  0  0  1926  
1.5708  0  0  1938  
1.5708  0  0  1950  
1.5708  0  0  1961  
1.5708  0  0  1973  
1.5708  0  0  1984  
1.5708  0  0  1996  
1.5708  0  0  2008  
1.5708  0  0  2020  
1.5708  0  0  2032  
1.5708  0  0  2043  
1.5708  0  0  2054  
1.5708  0  0  2066  
1.5708  0  0  2079  
1.5708  0  0  2090  
1.5708  0  0  2101  
1.5708  0  0  2113  
1.5708  0  0  2124  
1.5708  0  0  2136  
1.5708  0  0  2147  
1.5708  0  0  2159  
1.5708  0  0  2170  
1.5708  0  0  2182  
1.5708  0  0  2194  
1.5708  0  0  2206  
1.5708  0  0  2218  
1.5708  0  0  2230  
1.5708  0  0  2242  
1.5708  0  0  2254  
1.5708  0  0  2266  
1.5708  0  0  2277  
1.5708  0  0  2290  
1.5708  0  0  2301  
1.5708  0  0  2313  
1.5708  0  0  2324  
1.5708  0  0  2336  
1.5708  0  0  2348  
1.5708  0  0  2360  
1.5708  0  0  2372  
1.5708  0  0  2385  
1.5708  0  0  2397  
1.5708  0  0  2409  
1.5708  0  0  2421  
1.5708  0  0  2432  
1.5708  0  0  2444  
1.5708  0  0  2456  
1.5708  0  0  2468  
1.5708  0  0  2479  
1.5708  0  0  2491  
1.5708  0  0  2503  
1.5708  0  0  2515  
1.5708  0  0  2527  
1.5708  0  0  2539  
1.5708  0  0  2551  
1.5708  0  0  2563  
1.5708  0  0  2574  
1.5708  0  0  2587  
1.5708  0  0  2599  
1.5708  0  0  2610  
1.5708  0  0  2622  
1.5708  0  0  2635  
1.5708  0  0  2647  
1.5708  0  0  2659  
1.5708  0  0  2672  
1.5708  0  0  2685  
1.5708  0  0  2696  
1.5708  0  0  2708  
1.5708  0  0  2720  
1.5708  0  0  2732  
1.5708  0  0  2744  
1.5708  0  0  2756  
1.5708  0  0  2768  
1.5708  0  0  2781  
1.5708  0  0  2793  
1.5708  0  0  2804  
1.5708  0  0  2816  
1.5708  0  0  2828  
1.5708  0  0  2842  
1.5708  0  0  2853  
1.5708  0  0  2864  
1.5708  0  0  2875  
1.5708  0  0  2888  
1.5708  0  0  2900  
1.5708  0  0  2912  
1.5708  0  0  2926  
1.5708  0  0  2938  
1.5708  0  0  2950  
1.5708  0  0  2962  
1.5708  0  0  2973  
1.5708  0  0  2984  
1.5708  0  0  2996  
1.5708  0  0  3009  
1.5708  0  0  3021  
1.5708  0  0  3033  
1.5708  0  0  3045  
1.5708  0  0  3057  
1.5708  0  0  3068  
1.5708  0  0  3080  
1.5708  0  0  3092  
1.5708  0  0  3103  
1.5708  0  0  3115  
1.5708  0  0  3128  
1.5708  0  0  3139  
1.5708  0  0  3151  
1.5708  0  0  3162  
1.5708  0  0  3174  
1.5708  0  0  3186  
1.5708  0  0  3198  
1.5708  0  0  3210  
1.5708  0  0  3222  
1.5708  0  0  3235  
1.5708  0  0  3247  
1.5708  0  0  3259  
1.5708  0  0  3272  
1.5708  0  0  3285  
1.5708  0  0  3297  
1.5708  0  0  3309  
1.5708  0  0  3321  
1.5708  0  0  3334  
1.5708  0  0  3346  
1.5708  0  0  3358  
1.5708  0  0  3371  
1.5708  0  0  3383  
1.5708  0  0  3395  
1.5708  0  0  3407  
1.5708  0  0  3419  
1.5708  0  0  3431  
1.5708  0  0  3443  
1.5708  0  0  3455  
1.5708  0  0  3467  
1.5708  0  0  3479  
1.5708  0  0  3490  
1.5708  0  0  3502  
1.5708  0  0  3514  
1.5708  0  0  3526  
1.5708  0  0  3538  
1.5708  0  0  3550  
1.5708  0  0  3563  
1.5708  0  0  3576  
1.5708  0  0  3588  
1.5708  0  0  3599  
1.5708  0  0  3611  
1.5708  0  0  3623  
1.5708  0  0  3634  
1.5708  0  0  3647  
1.5708  0  0  3659  
1.5708  0  0  3671  
1.5708  0  0  3682  
1.5708  0  0  3693  
1.5708  0  0  3705  
1.5708  0  0  3717  
1.5708  0  0  3730  
1.5708  0  0  3741  
1.5708  0  0  3752  
1.5708  0  0  3766  
1.5708  0  0  3779  
1.5708  0  0  3791  
1.5708  0  0  3803  
1.5708  0  0  3815  
1.5708  0  0  3827  
1.5708  0  0  3840  
1.5708  0  0  3852  
1.5708  0  0  3864  
1.5708  0  0  3876  
1.5708  0  0  3888  
1.5708  0  0  3903  
1.5708  0  0  3915  
1.5708  0  0  3927  
1.5708  0  0  3939  
1.5708  0  0  3951  
1.5708  0  0  3963  
1.5708  0  0  3975  
1.5708  0  0  3988  
1.5708  0  0  4000  
1.5708  0  0  4012  
1.5708  0  0  4024  
1.5708  0  0  4035  
1.5708  0  0  4046  
1.5708  0  0  4060  
1.5708  0  0  4073  
1.5708  0  0  4085  
1.5708  0  0  4097  
1.5708  0  0  4109  
1.5708  0  0  4121  
1.5708  0  0  4133  
1.5708  0  0  4145  
1.5708  0  0  4157  
1.5708  0  0  4170  
1.5708  0  0  4182  
1.5708  0  0  4194  
1.5708  0  0  4206  
1.5708  0  0  4218  
1.5708  0  0  4230  
1.5708  0  0  4244  
1.5708  0  0  4257  
1.5708  0  0  4269  
1.5708  0  0  4281  
1.5708  0  0  4292  
1.5708  0  0  4304  
1.5708  0  0  4316  
1.5708  0  0  4330  
1.5708  0  0  4342  
1.5708  0  0  4354  
1.5708  0  0  4367  
1.5708  0  0  4378  
1.5708  0  0  4390  
1.5708  0  0  4402  
1.5708  0  0  4415  
1.5708  0  0  4427  
1.5708  0  0  4439  
1.5708  0  0  4450  
1.5708  0  0  4462  
1.5708  0  0  4473  
1.5708  0  0  4485  
1.5708  0  0  4497  
1.5708  0  0  4509  
1.5708  0  0  4522  
1.5708  0  0  4534  
1.5708  0  0  4546  
1.5708  0  0  4558  
1.5708  0  0  4570  
1.5708  0  0  4582  
1.5708  0  0  4595  
1.5708  0  0  4608  
1.5708  0  0  4620  
1.5708  0  0  4632  
1.5708  0  0  4643  
1.5708  0  0  4654  
1.5708  0  0  4666  
1.5708  0  0  4678  
1.5708  0  0  4689  
1.5708  0  0  4702  
1.5708  0  0  4714  
1.5708  0  0  4726  
1.5708  0  0  4739  
1.5708  0  0  4751  
1.5708  0  0  4763  
1.5708  0  0  4775  
1.5708  0  0  4787  
1.5708  0  0  4800  
1.5708  0  0  4812  
1.5708  0  0  4824  
1.5708  0  0  4836  
1.5708  0  0  4847  
1.5708  0  0  4859  
1.5708  0  0  4870  
1.5708  0  0  4883  
1.5708  0  0  4895  
1.5708  0  0  4907  
1.5708  0  0  4919  
1.5708  0  0  4931  
1.5708  0  0  4943  
1.5708  0  0  4955  
1.5708  0  0  4968  
1.5708  0  0  4980  
1.5708  0  0  4992  
1.5708  0  0  5004  
1.5708  0  0  5016  
1.5708  0  0  5029  
1.5708  0  0  5041  
1.5708  0  0  5053  
1.5708  0  0  5064  
1.5708  0  0  5076  
1.5708  0  0  5088  
1.5708  0  0  5100  
1.5708  0  0  5111  
1.5708  0  0  5123  
1.5708  0  0  5135  
1.5708  0  0  5148  
1.5708  0  0  5159  
1.5708  0  0  5171  
1.5708  0  0  5183  
1.5708  0  0  5195  
1.5708  0  0  5207  
1.5708  0  0  5218  
1.5708  0  0  5230  
1.5708  0  0  5243  
1.5708  0  0  5254  
1.5708  0  0  5266  
1.5708  0  0  5278  
1.5708  0  0  5290  
1.5708  0  0  5303  
1.5708  0  0  5315  
1.5708  0  0  5327  
1.5708  0  0  5339  
1.5708  0  0  5351  
1.5708  0  0  5362  
1.5708  0  0  5375  
1.5708  0  0  5387  
1.5708  0  0  5399  
1.5708  0  0  5413  
1.5708  0  0  5425  
1.5708  0  0  5437  
1.5708  0  0  5448  
1.5708  0  0  5459  
1.5708  0  0  5471  
1.5708  0  0  5483  
1.5708  0  0  5495  
1.5708  0  0  5507  
1.5708  0  0  5518  
1.5708  0  0  5530  
1.5708  0  0  5543  
1.5708  0  0  5554  
1.5708  0  0  5565  
1.5708  0  0  5576  
1.5708  0  0  5587  
1.5708  0  0  5598  
1.5708  0  0  5609  
1.5708  0  0  5621  
1.5708  0  0  5633  
1.5708  0  0  5645  
1.5708  0  0  5656  
1.5708  0  0  5667  
1.5708  0  0  5680  
1.5708  0  0  5692  
1.5708  0  0  5704  
1.5708  0  0  5716  
1.5708  0  0  5728  
1.5708  0  0  5740  
1.5708  0  0  5752  
1.5708  0  0  5764  
1.5708  0  0  5776  
1.5708  0  0  5787  
1.5708  0  0  5799  
1.5708  0  0  5810  
1.5708  0  0  5822  
1.5708  0  0  5833  
1.5708  0  0  5845  
1.5708  0  0  5858  
1.5708  0  0  5870  
1.5708  0  0  5882  
1.5708  0  0  5894  
1.5708  0  0  5906  
1.5708  0  0  5917  
1.5708  0  0  5930  
1.5708  0  0  5944  
1.5708  0  0  5956  
1.5708  0  0  5968  
1.5708  0  0  5980  
1.5708  0  0  5993  
1.5708  0  0  6006  
1.5708  0  0  6017  
1.5708  0  0  6028  
1.5708  0  0  6040  
1.5708  0  0  6051  
1.5708  0  0  6062  
1.5708  0  0  6074  
1.5708  0  0  6086  
1.5708  0  0  6098  
1.5708  0  0  6110  
1.5708  0  0  6121  
1.5708  0  0  6134  
1.5708  0  0  6146  
1.5708  0  0  6158  
1.5708  0  0  6169  
1.5708  0  0  6181  
1.5708  0  0  6193  
1.5708  0  0  6205  
1.5708  0  0  6217  
1.5708  0  0  6229  
1.5708  0  0  6241  
1.5708  0  0  6252  
1.5708  0  0  6265  
1.5708  0  0  6277  
1.5708  0  0  6288  
1.5708  0  0  6299  
1.5708  0  0  6310  
1.5708  0  0  6322  
1.5708  0  0  6334  
1.5708  0  0  6345  
1.5708  0  0  6357  
1.5708  0  0  6368  
1.5708  0  0  6381  
1.5708  0  0  6393  
1.5708  0  0  6405  
1.5708  0  0  6417  
1.5708  0  0  6430  
1.5708  0  0  6441  
1.5708  0  0  6452  
1.5708  0  0  6464  
1.5708  0  0  6476  
1.5708  0  0  6488  
1.5708  0  0  6501  
1.5708  0  0  6513  
1.5708  0  0  6525  
1.5708  0  0  6537  
1.5708  0  0  6548  
1.5708  0  0  6560  
1.5708  0  0  6572  
1.5708  0  0  6584  
1.5708  0  0  6596  
1.5708  0  0  6608  
1.5708  0  0  6621  
1.5708  0  0  6632  
1.5708  0  0  6646  
1.5708  0  0  6659  
1.5708  0  0  6672  
1.5708  0  0  6685  
1.5708  0  0  6697  
1.5708  0  0  6709  
1.5708  0  0  6720  
1.5708  0  0  6732  
1.5708  0  0  6743  
1.5708  0  0  6754  
1.5708  0  0  6765  
1.5708  0  0  6777  
1.5708  0  0  6790  
1.5708  0  0  6802  
1.5708  0  0  6814  
1.5708  0  0  6826  
1.5708  0  0  6838  
1.5708  0  0  6850  
1.5708  0  0  6861  
1.5708  0  0  6873  
1.5708  0  0  6885  
1.5708  0  0  6898  
1.5708  0  0  6909  
1.5708  0  0  6921  
1.5708  0  0  6932  
1.5708  0  0  6944  
1.5708  0  0  6956  
1.5708  0  0  6967  
1.5708  0  0  6979  
1.5708  0  0  6991  
1.5708  0  0  7003  
1.5708  0  0  7015  
1.5708  0  0  7027  
1.5708  0  0  7039  
1.5708  0  0  7051  
1.5708  0  0  7063  
1.5708  0  0  7076  
1.5708  0  0  7088  
1.5708  0  0  7100  
1.5708  0  0  7113  
1.5708  0  0  7126  
1.5708  0  0  7138  
1.5708  0  0  7150  
1.5708  0  0  7162  
1.5708  0  0  7173  
1.5708  0  0  7185  
1.5708  0  0  7197  
1.5708  0  0  7209  
1.5708  0  0  7221  
1.5708  0  0  7232  
1.5708  0  0  7243  
1.5708  0  0  7256  
1.5708  0  0  7267  
1.5708  0  0  7279  
1.5708  0  0  7291  
1.5708  0  0  7303  
1.5708  0  0  7315  
1.5708  0  0  7327  
1.5708  0  0  7339  
1.5708  0  0  7351  
1.5708  0  0  7364  
1.5708  0  0  7376  
1.5708  0  0  7389  
1.5708  0  0  7400  
1.5708  0  0  7412  
1.5708  0  0  7424  
1.5708  0  0  7436  
1.5708  0  0  7447  
1.5708  0  0  7459  
1.5708  0  0  7472  
1.5708  0  0  7484  
1.5708  0  0  7495  
1.5708  0  0  7509  
1.5708  0  0  7520  
1.5708  0  0  7532  
1.5708  0  0  7543  
1.5708  0  0  7555  
1.5708  0  0  7567  
1.5708  0  0  7580  
1.5708  0  0  7592  
1.5708  0  0  7603  
1.5708  0  0  7616  
1.5708  0  0  7628  
1.5708  0  0  7639  
1.5708  0  0  7650  
1.5708  0  0  7663  
1.5708  0  0  7674  
1.5708  0  0  7686  
1.5708  0  0  7698  
1.5708  0  0  7710  
1.5708  0  0  7722  
1.5708  0  0  7734  
1.5708  0  0  7746  
1.5708  0  0  7757  
1.5708  0  0  7769  
1.5708  0  0  7781  
1.5708  0  0  7793  
1.5708  0  0  7804  
1.5708  0  0  7816  
1.5708  0  0  7829  
1.5708  0  0  7840  
1.5708  0  0  7851  
1.5708  0  0  7863  
1.5708  0  0  7875  
1.5708  0  0  7889  
1.5708  0  0  7900  
1.5708  0  0  7912  
1.5708  0  0  7923  
1.5708  0  0  7935  
1.5708  0  0  7947  
1.5708  0  0  7959  
1.5708  0  0  7971  
1.5708  0  0  7983  
1.5708  0  0  7995  
1.5708  0  0  8007  
1.5708  0  0  8020  
1.5708  0  0  8032  
1.5708  0  0  8045  
1.5708  0  0  8057  
1.5708  0  0  8068  
1.5708  0  0  8080  
1.5708  0  0  8092  
1.5708  0  0  8103  
1.5708  0  0  8115  
1.5708  0  0  8126  
1.5708  0  0  8138  
1.5708  0  0  8150  
1.5708  0  0  8162  
1.5708  0  0  8173  
1.5708  0  0  8185  
1.5708  0  0  8197  
1.5708  0  0  8209  
1.5708  0  0  8221  
1.5708  0  0  8233  
1.5708  0  0  8244  
1.5708  0  0  8256  
1.5708  0  0  8267  
1.5708  0  0  8279  
1.5708  0  0  8290  
1.5708  0  0  8302  
1.5708  0  0  8314  
1.5708  0  0  8326  
1.5708  0  0  8338  
1.5708  0  0  8350  
1.5708  0  0  8363  
1.5708  0  0  8374  
1.5708  0  0  8386  
1.5708  0  0  8398  
1.5708  0  0  8409  
1.5708  0  0  8421  
1.5708  0  0  8432  
1.5708  0  0  8444  
1.5708  0  0  8455  
1.5708  0  0  8466  
1.5708  0  0  8478  
1.5708  0  0  8491  
1.5708  0  0  8503  
1.5708  0  0  8515  
1.5708  0  0  8527  
1.5708  0  0  8538  
1.5708  0  0  8551  
1.5708  0  0  8562  
1.5708  0  0  8574  
1.5708  0  0  8585  
1.5708  0  0  8598  
1.5708  0  0  8609  
1.5708  0  0  8622  
1.5708  0  0  8633  
1.5708  0  0  8645  
1.5708  0  0  8656  
1.5708  0  0  8668  
1.5708  0  0  8681  
1.5708  0  0  8692  
1.5708  0  0  8703  
1.5708  0  0  8715  
1.5708  0  0  8726  
1.5708  0  0  8737  
1.5708  0  0  8749  
1.5708  0  0  8760  
1.5708  0  0  8772  
1.5708  0  0  8784  
1.5708  0  0  8797  
1.5708  0  0  8808  
1.5708  0  0  8819  
1.5708  0  0  8830  
1.5708  0  0  8841  
1.5708  0  0  8853  
1.5708  0  0  8865  
1.5708  0  0  8876  
1.5708  0  0  8888  
1.5708  0  0  8899  
1.5708  0  0  8912  
1.5708  0  0  8923  
1.5708  0  0  8935  
1.5708  0  0  8947  
1.5708  0  0  8959  
1.5708  0  0  8971  
1.5708  0  0  8983  
1.5708  0  0  8995  
1.5708  0  0  9006  
1.5708  0  0  9019  
1.5708  0  0  9032  
1.5708  0  0  9044  
1.5708  0  0  9056  
1.5708  0  0  9068  
1.5708  0  0  9080  
1.5708  0  0  9093  
1.5708  0  0  9105  
1.5708  0  0  9117  
1.5708  0  0  9128  
1.5708  0  0  9141  
1.5708  0  0  9153  
1.5708  0  0  9165  
1.5708  0  0  9177  
1.5708  0  0  9189  
1.5708  0  0  9201  
1.5708  0  0  9212  
1.5708  0  0  9224  
1.5708  0  0  9235  
1.5708  0  0  9246  
1.5708  0  0  9257  
1.5708  0  0  9269  
1.5708  0  0  9280  
1.5708  0  0  9293  
1.5708  0  0  9304  
1.5708  0  0  9317  
1.5708  0  0  9329  
1.5708  0  0  9341  
1.5708  0  0  9353  
1.5708  0  0  9365  
1.5708  0  0  9377  
1.5708  0  0  9389  
1.5708  0  0  9400  
1.5708  0  0  9411  
1.5708  0  0  9422  
1.5708  0  0  9434  
1.5708  0  0  9446  
1.5708  0  0  9458  
1.5708  0  0  9470  
1.5708  0  0  9482  
1.5708  0  0  9494  
1.5708  0  0  9507  
1.5708  0  0  9518  
1.5708  0  0  9531  
1.5708  0  0  9543  
1.5708  0  0  9555  
1.5708  0  0  9567  
1.5708  0  0  9579  
1.5708  0  0  9591  
1.5708  0  0  9602  
1.5708  0  0  9614  
1.5708  0  0  9626  
1.5708  0  0  9638  
1.5708  0  0  9649  
1.5708  0  0  9662  
1.5708  0  0  9674  
1.5708  0  0  9686  
1.5708  0  0  9697  
1.5708  0  0  9708  
1.5708  0  0  9720  
1.5708  0  0  9732  
1.5708  0  0  9743  
1.5708  0  0  9755  
1.5708  0  0  9767  
1.5708  0  0  9779  
1.5708  0  0  9790  
1.5708  0  0  9803  
1.5708  0  0  9815  
1.5708  0  0  9826  
1.5708  0  0  9837  
1.5708  0  0  9848  
1.5708  0  0  9860  
1.5708  0  0  9872  
1.5708  0  0  9884  
1.5708  0  0  9897  
1.5708  0  0  9909  
1.5708  0  0  9920  
1.5708  0  0  9932  
1.5708  0  0  9944  
1.5708  0  0  9957  
1.5708  0  0  9970  
1.5708  0  0  9982  
1.5708  0  0  9996  
1.5708  0  0  10007  
1.5708  0  0  10019  
1.5708  0  0  10030  
1.5708  0  0  10042  
1.5708  0  0  10054  
1.5708  0  0  10066  
1.5708  0  0  10078  
1.5708  0  0  10090  
1.5708  0  0  10102  
1.5708  0  0  10113  
1.5708  0  0  10125  
1.5708  0  0  10137  
1.5708  0  0  10149  
1.5708  0  0  10161  
1.5708  0  0  10173  
1.5708  0  0  10185  
1.5708  0  0  10197  
1.5708  0  0  10210  
1.5708  0  0  10222  
1.5708  0  0  10234  
1.5708  0  0  10245  
1.5708  0  0  10257  
1.5708  0  0  10270  
1.5708  0  0  10283  
1.5708  0  0  10295  
1.5708  0  0  10307  
1.5708  0  0  10318  
1.5708  0  0  10330  
1.5708  0  0  10341  
1.5708  0  0  10352  
1.5708  0  0  10364  
1.5708  0  0  10376  
1.5708  0  0  10387  
1.5708  0  0  10399  
1.5708  0  0  10410  
1.5708  0  0  10422  
1.5708  0  0  10434  
1.5708  0  0  10446  
1.5708  0  0  10458  
1.5708  0  0  10471  
1.5708  0  0  10484  
1.5708  0  0  10496  
1.5708  0  0  10508  
1.5708  0  0  10520  
1.5708  0  0  10532  
