1.56943  -0.00299478  -0.0082899  
1.56943  -0.00299478  -0.0082899  
1.57003  -0.00204124  -0.00714193  
1.57003  -0.00204124  -0.00714193  
1.57003  -0.00204124  -0.00714193  
1.56994  -0.00246509  -0.00579977  
1.57012  -0.00189356  -0.00654969  
1.57012  -0.00189356  -0.00654969  
1.57005  -0.0023994  -0.00741018  
1.57005  -0.0023994  -0.00741018  
1.57005  -0.0023994  -0.00741018  
1.5693  -0.00323228  -0.00874411  
1.5693  -0.00323228  -0.00874411  
1.5693  -0.00323228  -0.00874411  
1.56955  -0.00286478  -0.00759775  
1.56955  -0.00286478  -0.00759775  
1.56955  -0.00286478  -0.00759775  
1.57033  -0.00254581  -0.00625186  
1.57033  -0.00254581  -0.00625186  
1.57033  -0.00254581  -0.00625186  
1.56874  -0.00488117  -0.0078972  
1.56874  -0.00488117  -0.0078972  
1.5688  -0.0049164  -0.00967152  
1.5688  -0.0049164  -0.00967152  
1.5688  -0.0049164  -0.00967152  
1.57008  -0.00351955  -0.00725844  
1.57008  -0.00351955  -0.00725844  
1.57008  -0.00351955  -0.00725844  
1.56928  -0.00397986  -0.00835875  
1.56928  -0.00397986  -0.00835875  
1.56879  -0.00438564  -0.0083617  
1.56879  -0.00438564  -0.0083617  
1.56879  -0.00438564  -0.0083617  
1.56906  -0.00410911  -0.00868333  
1.56906  -0.00410911  -0.00868333  
1.56874  -0.00412782  -0.00907883  
1.56874  -0.00412782  -0.00907883  
1.56874  -0.00412782  -0.00907883  
1.56908  -0.00445894  -0.0101148  
1.56908  -0.00445894  -0.0101148  
1.56908  -0.00445894  -0.0101148  
1.56908  -0.00445894  -0.0101148  
1.56966  -0.00358301  -0.0103859  
1.56896  -0.00496486  -0.011483  
1.56896  -0.00496486  -0.011483  
1.56896  -0.00496486  -0.011483  
1.5697  -0.00420412  -0.0109926  
1.5697  -0.00420412  -0.0109926  
1.56953  -0.00337534  -0.0105691  
1.56953  -0.00337534  -0.0105691  
1.56953  -0.00337534  -0.0105691  
1.56953  -0.00337534  -0.0105691  
1.56959  -0.00433181  -0.00901794  
1.56959  -0.00433181  -0.00901794  
1.56959  -0.00433181  -0.00901794  
1.5694  -0.00328126  -0.00993623  
1.5694  -0.00328126  -0.00993623  
1.56905  -0.00505796  -0.010547  
1.56905  -0.00505796  -0.010547  
1.56891  -0.00477045  -0.0113326  
1.56891  -0.00477045  -0.0113326  
1.56893  -0.00573417  -0.010948  
1.56893  -0.00573417  -0.010948  
1.56893  -0.00573417  -0.010948  
1.56895  -0.00477059  -0.0106505  
1.56895  -0.00477059  -0.0106505  
1.56895  -0.00477059  -0.0106505  
1.5682  -0.0058856  -0.0142244  
1.5682  -0.0058856  -0.0142244  
1.56817  -0.00663431  -0.0113412  
1.56817  -0.00663431  -0.0113412  
1.56817  -0.00663431  -0.0113412  
1.56817  -0.00663431  -0.0113412  
1.56853  -0.00582228  -0.0114367  
1.56853  -0.00582228  -0.0114367  
1.56808  -0.00651897  -0.011025  
1.56808  -0.00651897  -0.011025  
1.56808  -0.00651897  -0.011025  
1.56751  -0.00663298  -0.0129438  
1.56751  -0.00663298  -0.0129438  
1.56751  -0.00663298  -0.0129438  
1.56751  -0.00663298  -0.0129438  
1.5681  -0.00636797  -0.0134307  
1.56922  -0.00553021  -0.0128069  
1.56922  -0.00553021  -0.0128069  
1.56864  -0.00571896  -0.0129642  
1.56864  -0.00571896  -0.0129642  
1.56864  -0.00571896  -0.0129642  
1.56779  -0.00642065  -0.0133356  
1.56779  -0.00642065  -0.0133356  
1.56821  -0.00626776  -0.0137532  
1.56821  -0.00626776  -0.0137532  
1.56821  -0.00626776  -0.0137532  
1.5689  -0.00593924  -0.0104289  
1.5689  -0.00593924  -0.0104289  
1.5689  -0.00593924  -0.0104289  
1.568  -0.00736938  -0.0135998  
1.568  -0.00736938  -0.0135998  
1.568  -0.00736938  -0.0135998  
1.568  -0.00736938  -0.0135998  
1.56804  -0.00714632  -0.0133501  
1.56792  -0.00758347  -0.0121666  
1.56792  -0.00758347  -0.0121666  
1.56792  -0.00758347  -0.0121666  
1.56806  -0.00712767  -0.0125145  
1.56806  -0.00712767  -0.0125145  
1.56757  -0.00758322  -0.0132109  
1.56757  -0.00758322  -0.0132109  
1.56757  -0.00758322  -0.0132109  
1.56776  -0.00673977  -0.0132704  
1.56776  -0.00673977  -0.0132704  
1.56776  -0.00673977  -0.0132704  
1.56807  -0.00832105  -0.0148153  
1.56807  -0.00832105  -0.0148153  
1.56807  -0.00832105  -0.0148153  
1.56709  -0.00820574  -0.0157845  
1.56709  -0.00820574  -0.0157845  
1.56631  -0.0093361  -0.01452  
1.56631  -0.0093361  -0.01452  
1.56631  -0.0093361  -0.01452  
1.56894  -0.00657414  -0.0125645  
1.56894  -0.00657414  -0.0125645  
1.56687  -0.00742206  -0.0162151  
1.56687  -0.00742206  -0.0162151  
1.56687  -0.00742206  -0.0162151  
1.56705  -0.00897082  -0.0168254  
1.56705  -0.00897082  -0.0168254  
1.56705  -0.00897082  -0.0168254  
1.56648  -0.00941737  -0.0163009  
1.56648  -0.00941737  -0.0163009  
1.56672  -0.00896307  -0.0175526  
1.56672  -0.00896307  -0.0175526  
1.56672  -0.00896307  -0.0175526  
1.566  -0.00993371  -0.0182085  
1.566  -0.00993371  -0.0182085  
1.566  -0.00993371  -0.0182085  
1.56791  -0.00705609  -0.0162914  
1.56791  -0.00705609  -0.0162914  
1.56647  -0.009426  -0.0171764  
1.56647  -0.009426  -0.0171764  
1.56806  -0.00844824  -0.0161446  
1.56806  -0.00844824  -0.0161446  
1.56806  -0.00844824  -0.0161446  
1.56743  -0.00797374  -0.0165031  
1.56743  -0.00797374  -0.0165031  
1.56688  -0.00986013  -0.0160047  
1.56688  -0.00986013  -0.0160047  
1.56688  -0.00986013  -0.0160047  
1.56783  -0.00772165  -0.0161127  
1.56783  -0.00772165  -0.0161127  
1.56783  -0.00772165  -0.0161127  
1.56707  -0.0082605  -0.0174856  
1.56707  -0.0082605  -0.0174856  
1.56707  -0.0082605  -0.0174856  
1.56613  -0.010315  -0.0177912  
1.56613  -0.010315  -0.0177912  
1.56674  -0.0102468  -0.0160456  
1.56674  -0.0102468  -0.0160456  
1.56643  -0.0108928  -0.0182584  
1.56643  -0.0108928  -0.0182584  
1.56643  -0.0108928  -0.0182584  
1.56675  -0.00907036  -0.018157  
1.56675  -0.00907036  -0.018157  
1.56561  -0.0115435  -0.0181436  
1.56561  -0.0115435  -0.0181436  
1.56561  -0.0115435  -0.0181436  
1.56587  -0.0124501  -0.0184856  
1.56587  -0.0124501  -0.0184856  
1.56587  -0.0124501  -0.0184856  
1.56779  -0.00876205  -0.017381  
1.56779  -0.00876205  -0.017381  
1.56757  -0.00767738  -0.0168872  
1.56757  -0.00767738  -0.0168872  
1.56757  -0.00767738  -0.0168872  
1.56602  -0.0105232  -0.0179686  
1.56602  -0.0105232  -0.0179686  
1.56602  -0.0105232  -0.0179686  
1.56506  -0.0118792  -0.0188092  
1.56506  -0.0118792  -0.0188092  
1.56506  -0.0118792  -0.0188092  
1.56506  -0.0118792  -0.0188092  
1.56565  -0.0112751  -0.018331  
1.56565  -0.0112751  -0.018331  
1.56565  -0.0112751  -0.018331  
1.56705  -0.00897483  -0.0182896  
1.56705  -0.00897483  -0.0182896  
1.56642  -0.0101071  -0.0175817  
1.56702  -0.00906257  -0.0180158  
1.56702  -0.00906257  -0.0180158  
1.56663  -0.00870365  -0.0186031  
1.56663  -0.00870365  -0.0186031  
1.56663  -0.00870365  -0.0186031  
1.56533  -0.0101097  -0.0185432  
1.56533  -0.0101097  -0.0185432  
1.56533  -0.0101097  -0.0185432  
1.56755  -0.00909119  -0.0181376  
1.56755  -0.00909119  -0.0181376  
1.56859  -0.00683192  -0.0142552  
1.56859  -0.00683192  -0.0142552  
1.56859  -0.00683192  -0.0142552  
1.56537  -0.00941632  -0.00823715  
1.56537  -0.00941632  -0.00823715  
1.56537  -0.00941632  -0.00823715  
1.56461  -0.00910321  -0.00601519  
1.56461  -0.00910321  -0.00601519  
1.56461  -0.00910321  -0.00601519  
1.56461  -0.00910321  -0.00601519  
1.56436  -0.00910668  -0.00186209  
1.56627  -0.00805723  0.00344878  
1.56627  -0.00805723  0.00344878  
1.56627  -0.00805723  0.00344878  
1.56627  -0.00805723  0.00344878  
1.56627  -0.00805723  0.00344878  
1.56427  -0.0111417  0.0214393  
1.56427  -0.0111417  0.0214393  
1.56394  -0.0117167  0.0327585  
1.56394  -0.0117167  0.0327585  
1.56394  -0.0117167  0.0327585  
1.5633  -0.0124859  0.0445474  
1.5633  -0.0124859  0.0445474  
1.56183  -0.0128623  0.0530518  
1.56183  -0.0128623  0.0530518  
1.56183  -0.0128623  0.0530518  
1.56262  -0.0145506  0.0666873  
1.56262  -0.0145506  0.0666873  
1.56459  -0.0116598  0.0778264  
1.56459  -0.0116598  0.0778264  
1.56459  -0.0116598  0.0778264  
1.56445  -0.0152029  0.0865705  
1.56445  -0.0152029  0.0865705  
1.56445  -0.0152029  0.0865705  
1.56383  -0.0170557  0.0952512  
1.56383  -0.0170557  0.0952512  
1.56383  -0.0170557  0.0952512  
1.56383  -0.0170557  0.0952512  
1.56446  -0.0181864  0.107501  
1.56446  -0.0181864  0.107501  
1.56491  -0.0168615  0.123131  
1.56491  -0.0168615  0.123131  
1.56423  -0.0174631  0.135234  
1.56423  -0.0174631  0.135234  
1.56423  -0.0174631  0.135234  
1.56677  -0.0137129  0.146467  
1.56677  -0.0137129  0.146467  
1.56418  -0.0146668  0.160841  
1.56418  -0.0146668  0.160841  
1.56418  -0.0146668  0.160841  
1.56619  -0.0110996  0.177369  
1.56619  -0.0110996  0.177369  
1.56619  -0.0110996  0.177369  
1.56492  -0.0127074  0.193486  
1.56492  -0.0127074  0.193486  
1.56333  -0.0136182  0.199967  
1.56333  -0.0136182  0.199967  
1.56333  -0.0136182  0.199967  
1.56333  -0.0136182  0.199967  
1.56333  -0.0136182  0.199967  
1.56333  -0.0136182  0.199967  
1.56429  -0.0144962  0.201125  
1.56429  -0.0144962  0.201125  
1.56429  -0.0144962  0.201125  
1.56503  -0.0129646  0.201776  
1.56503  -0.0129646  0.201776  
1.56527  -0.0123541  0.20151  
1.56527  -0.0123541  0.20151  
1.56527  -0.0123541  0.20151  
1.56538  -0.0121469  0.201116  
1.56538  -0.0121469  0.201116  
1.56538  -0.0121469  0.201116  
1.5674  -0.0107725  0.200548  
1.5674  -0.0107725  0.200548  
1.5674  -0.0107725  0.200548  
1.5674  -0.0107725  0.200548  
1.5674  -0.0107725  0.200548  
1.56374  -0.0134356  0.202746  
1.56374  -0.0134356  0.202746  
1.56302  -0.0138835  0.199845  
1.56302  -0.0138835  0.199845  
1.56302  -0.0138835  0.199845  
1.56257  -0.0138073  0.199653  
1.56257  -0.0138073  0.199653  
1.56257  -0.0138073  0.199653  
1.55954  -0.0165832  0.206858  
1.55954  -0.0165832  0.206858  
1.55954  -0.0165832  0.206858  
1.56  -0.0163964  0.213478  
1.56  -0.0163964  0.213478  
1.56  -0.0163964  0.213478  
1.56209  -0.0157684  0.220968  
1.56209  -0.0157684  0.220968  
1.56217  -0.0147139  0.230412  
1.56217  -0.0147139  0.230412  
1.56217  -0.0147139  0.230412  
1.56157  -0.0158668  0.238288  
1.56157  -0.0158668  0.238288  
1.56157  -0.0158668  0.238288  
1.56157  -0.0158668  0.238288  
1.56157  -0.0158668  0.238288  
1.56112  -0.0167208  0.246829  
1.56355  -0.0125538  0.261129  
1.56355  -0.0125538  0.261129  
1.56089  -0.0166408  0.275776  
1.56089  -0.0166408  0.275776  
1.56089  -0.0166408  0.275776  
1.56248  -0.0155583  0.295243  
1.56248  -0.0155583  0.295243  
1.56248  -0.0155583  0.295243  
1.5614  -0.0154686  0.312864  
1.5614  -0.0154686  0.312864  
1.5614  -0.0154686  0.312864  
1.5615  -0.0155297  0.331475  
1.5615  -0.0155297  0.331475  
1.56195  -0.0152074  0.349063  
1.56195  -0.0152074  0.349063  
1.56195  -0.0152074  0.349063  
1.56356  -0.0157109  0.364715  
1.56356  -0.0157109  0.364715  
1.56356  -0.0157109  0.364715  
1.56356  -0.0157109  0.364715  
1.5652  -0.01387  0.380241  
1.5652  -0.01387  0.380241  
1.5667  -0.0126785  0.397217  
1.5667  -0.0126785  0.397217  
1.56586  -0.0158778  0.41147  
1.56586  -0.0158778  0.41147  
1.56586  -0.0158778  0.41147  
1.56472  -0.015741  0.425496  
1.56472  -0.015741  0.425496  
1.56484  -0.0151713  0.438866  
1.56484  -0.0151713  0.438866  
1.56484  -0.0151713  0.438866  
1.56122  -0.0198696  0.451421  
1.56122  -0.0198696  0.451421  
1.56122  -0.0198696  0.451421  
1.56122  -0.0198696  0.451421  
1.56511  -0.0164052  0.470414  
1.56555  -0.0167068  0.486543  
1.56555  -0.0167068  0.486543  
1.56555  -0.0167068  0.486543  
1.56555  -0.0167068  0.486543  
1.56738  -0.0158169  0.506305  
1.5693  -0.0131646  0.526352  
1.5693  -0.0131646  0.526352  
1.5693  -0.0131646  0.526352  
1.56895  -0.0149433  0.54569  
1.56895  -0.0149433  0.54569  
1.56895  -0.0149433  0.54569  
1.56861  -0.0147049  0.564815  
1.56861  -0.0147049  0.564815  
1.57047  -0.0126732  0.583772  
1.57047  -0.0126732  0.583772  
1.57047  -0.0126732  0.583772  
1.57125  -0.0113363  0.604809  
1.57125  -0.0113363  0.604809  
1.57125  -0.0113363  0.604809  
1.57125  -0.0113363  0.604809  
1.56996  -0.0149485  0.625229  
1.57078  -0.0123528  0.645737  
1.57078  -0.0123528  0.645737  
1.57078  -0.0123528  0.645737  
1.57078  -0.0123528  0.645737  
1.57078  -0.0123528  0.645737  
1.57078  -0.0123528  0.645737  
1.57078  -0.0123528  0.645737  
1.57078  -0.0123528  0.645737  
1.57059  -0.0126971  0.66563  
1.57059  -0.0126971  0.66563  
1.57059  -0.0126971  0.66563  
1.57167  -0.0133481  0.706848  
1.57267  -0.0114427  0.726573  
1.57267  -0.0114427  0.726573  
1.57267  -0.0114427  0.726573  
1.57015  -0.0157158  0.74472  
1.57015  -0.0157158  0.74472  
1.57015  -0.0157158  0.74472  
1.57015  -0.0157158  0.74472  
1.57015  -0.0157158  0.74472  
1.57015  -0.0157158  0.74472  
1.57015  -0.0157158  0.74472  
1.57015  -0.0157158  0.74472  
1.57015  -0.0157158  0.74472  
1.57015  -0.0157158  0.74472  
1.57015  -0.0157158  0.74472  
1.57015  -0.0157158  0.74472  
1.57015  -0.0157158  0.74472  
1.57015  -0.0157158  0.74472  
1.57015  -0.0157158  0.74472  
1.57015  -0.0157158  0.74472  
1.57015  -0.0157158  0.74472  
1.57015  -0.0157158  0.74472  
1.57015  -0.0157158  0.74472  
1.57015  -0.0157158  0.74472  
1.57015  -0.0157158  0.74472  
1.57015  -0.0157158  0.74472  
1.57015  -0.0157158  0.74472  
1.57015  -0.0157158  0.74472  
1.57015  -0.0157158  0.74472  
1.57015  -0.0157158  0.74472  
1.57015  -0.0157158  0.74472  
1.57015  -0.0157158  0.74472  
1.57015  -0.0157158  0.74472  
1.57015  -0.0157158  0.74472  
1.57015  -0.0157158  0.74472  
1.57015  -0.0157158  0.74472  
1.57015  -0.0157158  0.74472  
1.57015  -0.0157158  0.74472  
1.57015  -0.0157158  0.74472  
1.57015  -0.0157158  0.74472  
1.57015  -0.0157158  0.74472  
1.57015  -0.0157158  0.74472  
1.57015  -0.0157158  0.74472  
1.57015  -0.0157158  0.74472  
1.57015  -0.0157158  0.74472  
1.57015  -0.0157158  0.74472  
1.57015  -0.0157158  0.74472  
1.57015  -0.0157158  0.74472  
1.57015  -0.0157158  0.74472  
1.57015  -0.0157158  0.74472  
1.57015  -0.0157158  0.74472  
1.57015  -0.0157158  0.74472  
1.57015  -0.0157158  0.74472  
1.57015  -0.0157158  0.74472  
1.57015  -0.0157158  0.74472  
1.57015  -0.0157158  0.74472  
1.57015  -0.0157158  0.74472  
1.57015  -0.0157158  0.74472  
1.57218  -0.0107035  0.765017  
1.57435  0.0026291  0.998446  
1.57435  0.0026291  0.998446  
1.57315  -0.000178915  1.00114  
1.57315  -0.000178915  1.00114  
1.57315  -0.000178915  1.00114  
1.57315  -0.000178915  1.00114  
1.57451  0.00260588  0.998784  
1.57451  0.00260588  0.998784  
1.5735  0.000893634  0.998934  
1.5735  0.000893634  0.998934  
1.57309  0.000498651  0.998279  
1.57309  0.000498651  0.998279  
1.57197  -0.00181273  0.999075  
1.57197  -0.00181273  0.999075  
1.57212  -0.00060464  0.998946  
1.57212  -0.00060464  0.998946  
1.57212  -0.00060464  0.998946  
1.57257  -0.000606941  0.999719  
1.57257  -0.000606941  0.999719  
1.57257  -0.000606941  0.999719  
1.57391  0.000387086  0.999122  
1.57391  0.000387086  0.999122  
1.57391  0.000387086  0.999122  
1.57391  0.000387086  0.999122  
1.57374  0.000180717  0.997994  
1.57329  -0.000198414  0.99743  
1.57329  -0.000198414  0.99743  
1.57329  -0.000198414  0.99743  
1.5744  0.000954893  0.997296  
1.5744  0.000954893  0.997296  
1.5744  0.000954893  0.997296  
1.57372  -0.000408256  0.997541  
1.57372  -0.000408256  0.997541  
1.57372  -0.000408256  0.997541  
1.57549  0.000105709  0.999335  
1.57282  -0.00164473  0.997056  
1.57282  -0.00164473  0.997056  
1.57282  -0.00164473  0.997056  
1.57282  -0.000686931  0.996906  
1.57282  -0.000686931  0.996906  
1.57282  -0.000686931  0.996906  
1.57282  -0.000686931  0.996906  
1.57431  -0.00064769  0.998535  
1.57431  -0.00064769  0.998535  
1.57464  0.000267762  0.996682  
1.57464  0.000267762  0.996682  
1.57485  0.000570313  0.997841  
1.57485  0.000570313  0.997841  
1.57485  0.000570313  0.997841  
1.57363  0.000509183  0.998171  
1.57363  0.000509183  0.998171  
1.57363  0.000509183  0.998171  
1.57338  -0.000658736  0.997049  
1.57395  0.000209885  0.997145  
1.57395  0.000209885  0.997145  
1.57395  0.000209885  0.997145  
1.57395  0.000209885  0.997145  
1.57395  0.000209885  0.997145  
1.57444  0.00139044  0.998007  
1.57444  0.00139044  0.998007  
1.5742  0.000159639  0.998131  
1.5742  0.000159639  0.998131  
1.5742  0.000159639  0.998131  
1.57312  -0.00140609  0.996228  
1.57312  -0.00140609  0.996228  
1.57314  -0.000766653  0.997275  
1.57314  -0.000766653  0.997275  
1.57248  -0.00133229  0.996685  
1.57248  -0.00133229  0.996685  
1.57248  -0.00133229  0.996685  
1.57378  6.88685e-06  0.996975  
1.57378  6.88685e-06  0.996975  
1.57315  -0.00140727  0.996935  
1.57315  -0.00140727  0.996935  
1.57315  -0.00140727  0.996935  
1.57315  -0.00140727  0.996935  
1.57315  -0.00140727  0.996935  
1.57315  -0.00140727  0.996935  
1.57301  -0.000225073  0.996764  
1.57301  -0.000225073  0.996764  
1.57301  -0.000225073  0.996764  
1.57446  0.00128033  0.996423  
1.57446  0.00128033  0.996423  
1.57446  0.00128033  0.996423  
1.57436  -3.34484e-05  0.996995  
1.57436  -3.34484e-05  0.996995  
1.57399  -0.000977137  0.997433  
1.57399  -0.000977137  0.997433  
1.57314  -6.50579e-05  0.996519  
1.57314  -6.50579e-05  0.996519  
1.57314  -6.50579e-05  0.996519  
1.57347  -0.000288347  0.995296  
1.57347  -0.000288347  0.995296  
1.57347  -0.000288347  0.995296  
1.5706  -0.00324745  0.995079  
1.5706  -0.00324745  0.995079  
1.57326  -0.000543939  0.997719  
1.57326  -0.000543939  0.997719  
1.57273  -0.00225077  0.995814  
1.57273  -0.00225077  0.995814  
1.57273  -0.00225077  0.995814  
1.57273  -0.00225077  0.995814  
1.57302  -4.87409e-06  0.99665  
1.57464  0.000423775  0.997659  
1.57464  0.000423775  0.997659  
1.57464  0.000423775  0.997659  
1.57367  4.09882e-05  0.996097  
1.57367  4.09882e-05  0.996097  
1.57208  -0.00265411  0.996201  
1.57208  -0.00265411  0.996201  
1.57208  -0.00265411  0.996201  
1.57381  0.000223641  0.996549  
1.57381  0.000223641  0.996549  
1.57381  0.000223641  0.996549  
1.57381  0.000223641  0.996549  
1.57295  -0.00107511  0.99694  
1.57295  -0.00107511  0.99694  
1.57419  0.00141539  0.997439  
1.57419  0.00141539  0.997439  
1.57419  0.00141539  0.997439  
1.57408  0.00137181  1.00018  
1.57408  0.00137181  1.00018  
1.57242  -0.00214986  0.996517  
1.57242  -0.00214986  0.996517  
1.57242  -0.00214986  0.996517  
1.57242  -0.00214986  0.996517  
1.57287  -0.00242525  0.998191  
1.57287  -0.00242525  0.998191  
1.57287  -0.00242525  0.998191  
1.57029  -0.00463397  0.995134  
1.56756  -0.0110939  0.997396  
1.56756  -0.0110939  0.997396  
1.56804  -0.0161848  0.99848  
1.56804  -0.0161848  0.99848  
1.56804  -0.0161848  0.99848  
1.57398  -0.0254928  0.996882  
1.57398  -0.0254928  0.996882  
1.57398  -0.0254928  0.996882  
1.5778  -0.0409869  0.996685  
1.5778  -0.0409869  0.996685  
1.57354  -0.0533996  0.996644  
1.57354  -0.0533996  0.996644  
1.57354  -0.0533996  0.996644  
1.57354  -0.0533996  0.996644  
1.57766  -0.0701631  0.997586  
1.57766  -0.0701631  0.997586  
1.57766  -0.0701631  0.997586  
1.57766  -0.0701631  0.997586  
1.57766  -0.0701631  0.997586  
1.57766  -0.0701631  0.997586  
1.57766  -0.0701631  0.997586  
1.57766  -0.0701631  0.997586  
1.57766  -0.0701631  0.997586  
1.57766  -0.0701631  0.997586  
1.57766  -0.0701631  0.997586  
1.5744  -0.110269  0.998559  
1.5744  -0.110269  0.998559  
1.5744  -0.110269  0.998559  
1.5744  -0.110269  0.998559  
1.5744  -0.110269  0.998559  
1.57037  -0.148492  0.996288  
1.57037  -0.148492  0.996288  
1.57037  -0.148492  0.996288  
1.57037  -0.148492  0.996288  
1.57017  -0.20922  0.995178  
1.56843  -0.23383  0.995392  
1.56843  -0.23383  0.995392  
1.56869  -0.256412  0.995854  
1.56869  -0.256412  0.995854  
1.56869  -0.256412  0.995854  
1.56869  -0.256412  0.995854  
1.56869  -0.256412  0.995854  
1.56869  -0.256412  0.995854  
1.56869  -0.256412  0.995854  
1.56869  -0.256412  0.995854  
1.56721  -0.311632  0.994033  
1.56676  -0.338422  0.993649  
1.56676  -0.338422  0.993649  
1.5669  -0.367737  0.994152  
1.5669  -0.367737  0.994152  
1.5669  -0.367737  0.994152  
1.56535  -0.397472  0.990915  
1.56535  -0.397472  0.990915  
1.56535  -0.397472  0.990915  
1.56535  -0.397472  0.990915  
1.56535  -0.397472  0.990915  
1.56455  -0.426641  0.988879  
1.56455  -0.426641  0.988879  
1.5658  -0.453933  0.988802  
1.5658  -0.453933  0.988802  
1.56571  -0.477265  0.990226  
1.56446  -0.496236  0.991511  
1.56446  -0.496236  0.991511  
1.56387  -0.514797  0.992424  
1.56387  -0.514797  0.992424  
1.56387  -0.514797  0.992424  
1.56387  -0.514797  0.992424  
1.565  -0.528432  0.991264  
1.56403  -0.544038  0.992189  
1.56403  -0.544038  0.992189  
1.56403  -0.544038  0.992189  
1.56403  -0.544038  0.992189  
1.56485  -0.55491  0.99429  
1.56455  -0.569762  0.995268  
1.56455  -0.569762  0.995268  
1.56354  -0.586956  0.994887  
1.56354  -0.586956  0.994887  
1.56354  -0.586956  0.994887  
1.56354  -0.586956  0.994887  
1.56396  -0.602653  0.993905  
1.56396  -0.602653  0.993905  
1.56396  -0.602653  0.993905  
1.56396  -0.602653  0.993905  
1.56279  -0.623075  0.994608  
1.56279  -0.623075  0.994608  
1.56267  -0.644511  0.995659  
1.56267  -0.644511  0.995659  
1.56347  -0.666192  0.995558  
1.56347  -0.666192  0.995558  
1.56296  -0.6868  0.996339  
1.56296  -0.6868  0.996339  
1.56296  -0.6868  0.996339  
1.56296  -0.6868  0.996339  
1.5652  -0.708279  0.995995  
1.56681  -0.728943  0.997174  
1.56681  -0.728943  0.997174  
1.56681  -0.728943  0.997174  
1.56681  -0.728943  0.997174  
1.56681  -0.728943  0.997174  
1.56681  -0.728943  0.997174  
1.56681  -0.728943  0.997174  
1.56484  -0.773561  1.00064  
1.56561  -0.796898  0.99963  
1.56561  -0.796898  0.99963  
1.56561  -0.796898  0.99963  
1.56561  -0.796898  0.99963  
1.56492  -0.816426  1.00171  
1.56438  -0.839421  1.00135  
1.56438  -0.839421  1.00135  
1.56438  -0.839421  1.00135  
1.56563  -0.855796  1.00187  
1.56563  -0.855796  1.00187  
1.56563  -0.855796  1.00187  
1.56614  -0.873132  1.00176  
1.56614  -0.873132  1.00176  
1.56745  -0.884826  1.0014  
1.56745  -0.884826  1.0014  
1.56745  -0.884826  1.0014  
1.56745  -0.884826  1.0014  
1.56745  -0.884826  1.0014  
1.56745  -0.884826  1.0014  
1.56745  -0.884826  1.0014  
1.56637  -0.899235  1.00137  
1.56642  -0.910799  1.00139  
1.56642  -0.910799  1.00139  
1.56719  -0.921952  1.00017  
1.56482  -0.933572  0.999703  
1.56482  -0.933572  0.999703  
1.56557  -0.941204  0.999126  
1.56557  -0.941204  0.999126  
1.56557  -0.941204  0.999126  
1.56545  -0.949938  1.00066  
1.56545  -0.949938  1.00066  
1.56545  -0.949938  1.00066  
1.56545  -0.949938  1.00066  
1.56545  -0.949938  1.00066  
1.56545  -0.949938  1.00066  
1.56545  -0.949938  1.00066  
1.56545  -0.949938  1.00066  
1.56545  -0.949938  1.00066  
1.56545  -0.949938  1.00066  
1.56545  -0.949938  1.00066  
1.56545  -0.949938  1.00066  
1.56518  -0.966083  0.998881  
1.56518  -0.966083  0.998881  
1.5661  -0.982315  0.999786  
1.5661  -0.982315  0.999786  
1.5661  -0.982315  0.999786  
1.5661  -0.982315  0.999786  
1.5661  -0.982315  0.999786  
1.5661  -0.982315  0.999786  
1.5661  -0.982315  0.999786  
1.5661  -0.982315  0.999786  
1.56843  -0.989593  0.999237  
1.56843  -0.989593  0.999237  
1.56843  -0.989593  0.999237  
1.56843  -0.989593  0.999237  
1.56843  -0.989593  0.999237  
1.56843  -0.989593  0.999237  
1.56684  -1.00299  0.999463  
1.56684  -1.00299  0.999463  
1.56511  -1.00446  0.999243  
1.56511  -1.00446  0.999243  
1.56511  -1.00446  0.999243  
1.56615  -1.00532  0.999991  
1.56615  -1.00532  0.999991  
1.56615  -1.00532  0.999991  
1.56551  -1.00601  1.00005  
1.56551  -1.00601  1.00005  
1.56562  -1.00625  1.00062  
1.56562  -1.00625  1.00062  
1.56562  -1.00625  1.00062  
1.56711  -1.00447  1.00075  
1.56711  -1.00447  1.00075  
1.56711  -1.00447  1.00075  
1.56711  -1.00447  1.00075  
1.56595  -1.00513  0.999731  
1.56595  -1.00513  0.999731  
1.56595  -1.00513  0.999731  
1.56595  -1.00513  0.999731  
1.56664  -1.00485  0.999268  
1.56664  -1.00485  0.999268  
1.56664  -1.00485  0.999268  
1.56612  -1.00461  0.997775  
1.56615  -1.00393  0.998547  
1.56615  -1.00393  0.998547  
1.56667  -1.00415  0.999462  
1.56667  -1.00415  0.999462  
1.56667  -1.00415  0.999462  
1.56708  -1.00407  0.998754  
1.56708  -1.00407  0.998754  
1.56687  -1.00311  0.998428  
1.56687  -1.00311  0.998428  
1.5675  -1.00306  0.999207  
1.5675  -1.00306  0.999207  
1.5675  -1.00306  0.999207  
1.5675  -1.00306  0.999207  
1.5675  -1.00306  0.999207  
1.56648  -1.00436  0.999909  
1.56648  -1.00436  0.999909  
1.56792  -1.00312  0.999796  
1.56792  -1.00312  0.999796  
1.56792  -1.00312  0.999796  
1.56792  -1.00312  0.999796  
1.56792  -1.00312  0.999796  
1.5665  -1.00391  0.999109  
1.5664  -1.00381  0.999133  
1.5664  -1.00381  0.999133  
1.56667  -1.00461  0.998381  
1.56582  -1.00555  0.998686  
1.56582  -1.00555  0.998686  
1.56582  -1.00555  0.998686  
1.56571  -1.00479  0.998713  
1.56571  -1.00479  0.998713  
1.56571  -1.00479  0.998713  
1.56571  -1.00479  0.998713  
1.56571  -1.00479  0.998713  
1.56682  -1.00383  0.99832  
1.5663  -1.00532  0.998418  
1.5663  -1.00532  0.998418  
1.56589  -1.00474  0.998391  
1.56589  -1.00474  0.998391  
1.56589  -1.00474  0.998391  
1.56589  -1.00474  0.998391  
1.56612  -1.0041  0.998731  
1.56612  -1.0041  0.998731  
1.56612  -1.0041  0.998731  
1.56612  -1.0041  0.998731  
1.56687  -1.00434  0.999166  
1.56687  -1.00434  0.999166  
1.56729  -1.00364  0.998449  
1.56729  -1.00364  0.998449  
1.56729  -1.00364  0.998449  
1.56638  -1.00521  0.998467  
1.56638  -1.00521  0.998467  
1.56638  -1.00521  0.998467  
1.56707  -1.0038  0.999545  
1.56707  -1.0038  0.999545  
1.56707  -1.0038  0.999545  
1.56686  -1.00442  0.998818  
1.56686  -1.00442  0.998818  
1.56686  -1.00442  0.998818  
1.5662  -1.00365  0.998783  
1.5662  -1.00365  0.998783  
1.56686  -1.00405  0.999233  
1.56686  -1.00405  0.999233  
1.56686  -1.00405  0.999233  
1.5664  -1.00491  0.997821  
1.5664  -1.00491  0.997821  
1.5664  -1.00491  0.997821  
1.5664  -1.00491  0.997821  
1.5664  -1.00491  0.997821  
1.56709  -1.00359  0.9979  
1.56709  -1.00359  0.9979  
1.56709  -1.00359  0.9979  
1.56709  -1.00359  0.9979  
1.56642  -1.00444  0.998599  
1.56642  -1.00444  0.998599  
1.56642  -1.00444  0.998599  
1.56642  -1.00444  0.998599  
1.56571  -1.00589  0.994511  
1.56571  -1.00589  0.994511  
1.56571  -1.00589  0.994511  
1.56571  -1.00589  0.994511  
1.56571  -1.00589  0.994511  
1.56571  -1.00589  0.994511  
1.56572  -1.00508  0.986682  
1.56619  -1.00561  0.980539  
1.56619  -1.00561  0.980539  
1.567  -1.00431  0.974656  
1.567  -1.00431  0.974656  
1.567  -1.00431  0.974656  
1.567  -1.00431  0.974656  
1.56604  -1.00539  0.968635  
1.56686  -1.00601  0.96118  
1.56686  -1.00601  0.96118  
1.56686  -1.00601  0.96118  
1.56633  -1.00659  0.952617  
1.56633  -1.00659  0.952617  
1.56633  -1.00659  0.952617  
1.56633  -1.00659  0.952617  
1.56633  -1.00659  0.952617  
1.56633  -1.00659  0.952617  
1.56596  -1.00665  0.941114  
1.56596  -1.00665  0.941114  
1.56571  -1.00692  0.930314  
1.56571  -1.00692  0.930314  
1.56571  -1.00692  0.930314  
1.56673  -1.00616  0.918324  
1.56673  -1.00616  0.918324  
1.56589  -1.0067  0.903602  
1.56589  -1.0067  0.903602  
1.56785  -1.00476  0.889728  
1.56785  -1.00476  0.889728  
1.56687  -1.00654  0.874964  
1.56687  -1.00654  0.874964  
1.56687  -1.00654  0.874964  
1.56687  -1.00654  0.874964  
1.56687  -1.00654  0.874964  
1.56687  -1.00654  0.874964  
1.56687  -1.00654  0.874964  
1.56687  -1.00654  0.874964  
1.56687  -1.00654  0.874964  
1.56687  -1.00654  0.874964  
1.56687  -1.00654  0.874964  
1.56687  -1.00654  0.874964  
1.56687  -1.00654  0.874964  
1.56687  -1.00654  0.874964  
1.56687  -1.00654  0.874964  
1.56687  -1.00654  0.874964  
1.56687  -1.00654  0.874964  
1.56687  -1.00654  0.874964  
1.56687  -1.00654  0.874964  
1.56665  -1.00613  0.846522  
1.5661  -1.0063  0.832158  
1.56829  -1.00562  0.803774  
1.56829  -1.00562  0.803774  
1.56829  -1.00562  0.803774  
1.56829  -1.00562  0.803774  
1.56829  -1.00562  0.803774  
1.56808  -1.00531  0.775095  
1.56912  -1.00483  0.744524  
1.56854  -1.00585  0.729178  
1.56854  -1.00585  0.729178  
1.5683  -1.00674  0.714909  
1.5683  -1.00674  0.714909  
1.56886  -1.00537  0.699099  
1.5676  -1.00767  0.683595  
1.5676  -1.00767  0.683595  
1.5676  -1.00767  0.683595  
1.5676  -1.00767  0.683595  
1.5676  -1.00767  0.683595  
1.5676  -1.00767  0.683595  
1.5676  -1.00767  0.683595  
1.56687  -1.00837  0.667952  
1.56643  -1.0078  0.651527  
1.56788  -1.00652  0.635229  
1.56788  -1.00652  0.635229  
1.56788  -1.00652  0.635229  
1.56788  -1.00652  0.635229  
1.56795  -1.0054  0.619631  
1.56795  -1.0054  0.619631  
1.56813  -1.00644  0.602842  
1.56813  -1.00644  0.602842  
1.56813  -1.00644  0.602842  
1.56813  -1.00644  0.602842  
1.56813  -1.00644  0.602842  
1.56813  -1.00644  0.602842  
1.5674  -1.00742  0.578562  
1.56951  -1.00627  0.566737  
1.56951  -1.00627  0.566737  
1.56951  -1.00627  0.566737  
1.56951  -1.00627  0.566737  
1.56842  -1.00778  0.554142  
1.56842  -1.00778  0.554142  
1.56842  -1.00778  0.554142  
1.56839  -1.00791  0.541283  
1.56839  -1.00791  0.541283  
1.56839  -1.00791  0.541283  
1.56855  -1.00681  0.527435  
1.56855  -1.00681  0.527435  
1.56855  -1.00681  0.527435  
1.56696  -1.00864  0.516188  
1.56696  -1.00864  0.516188  
1.56696  -1.00864  0.516188  
1.56736  -1.00969  0.504297  
1.56736  -1.00969  0.504297  
1.56736  -1.00969  0.504297  
1.56921  -1.00608  0.493197  
1.56921  -1.00608  0.493197  
1.56921  -1.00608  0.493197  
1.56921  -1.00608  0.493197  
1.56752  -1.01046  0.483317  
1.56796  -1.00781  0.472756  
1.56796  -1.00781  0.472756  
1.56796  -1.00781  0.472756  
1.56905  -1.00734  0.464409  
1.56905  -1.00734  0.464409  
1.56905  -1.00734  0.464409  
1.56905  -1.00734  0.464409  
1.56737  -1.0098  0.455426  
1.56881  -1.00838  0.441512  
1.56881  -1.00838  0.441512  
1.56834  -1.00737  0.434947  
1.56834  -1.00737  0.434947  
1.56834  -1.00737  0.434947  
1.56834  -1.00737  0.434947  
1.56679  -1.00957  0.430999  
1.56679  -1.00957  0.430999  
1.56858  -1.00727  0.425549  
1.56858  -1.00727  0.425549  
1.56858  -1.00727  0.425549  
1.57014  -1.00572  0.418874  
1.57014  -1.00572  0.418874  
1.57014  -1.00572  0.418874  
1.57014  -1.00572  0.418874  
1.5695  -1.00513  0.399335  
1.5695  -1.00513  0.399335  
1.5695  -1.00513  0.399335  
1.57054  -1.0025  0.386477  
1.57054  -1.0025  0.386477  
1.57054  -1.0025  0.386477  
1.56934  -1.00272  0.375006  
1.56934  -1.00272  0.375006  
1.56934  -1.00272  0.375006  
1.56934  -1.00272  0.375006  
1.56934  -1.00272  0.375006  
1.57034  -1.00276  0.349348  
1.57034  -1.00276  0.349348  
1.57034  -1.00276  0.349348  
1.57034  -1.00276  0.349348  
1.57034  -1.00276  0.349348  
1.57034  -1.00276  0.349348  
1.57034  -1.00276  0.349348  
1.56928  -1.00136  0.324701  
1.56928  -1.00136  0.324701  
1.56823  -1.00363  0.313275  
1.56823  -1.00363  0.313275  
1.56823  -1.00363  0.313275  
1.56823  -1.00363  0.313275  
1.56823  -1.00363  0.313275  
1.56823  -1.00363  0.313275  
1.57001  -1.0004  0.289589  
1.57001  -1.0004  0.289589  
1.57219  -0.997214  0.276451  
1.57219  -0.997214  0.276451  
1.57019  -0.998709  0.263351  
1.57019  -0.998709  0.263351  
1.57019  -0.998709  0.263351  
1.57019  -0.998709  0.263351  
1.56933  -1.00136  0.248147  
1.56923  -1.0009  0.23647  
1.56923  -1.0009  0.23647  
1.56923  -1.0009  0.23647  
1.56923  -1.0009  0.23647  
1.57133  -0.997754  0.222824  
1.56876  -0.99998  0.216028  
1.56876  -0.99998  0.216028  
1.56876  -0.99998  0.216028  
1.56876  -0.99998  0.216028  
1.56876  -0.99998  0.216028  
1.56876  -0.99998  0.216028  
1.56672  -1.00004  0.200587  
1.5653  -1.00266  0.186631  
1.5653  -1.00266  0.186631  
1.5653  -1.00266  0.186631  
1.5653  -1.00266  0.186631  
1.56635  -1.00325  0.176139  
1.56635  -1.00325  0.176139  
1.56635  -1.00325  0.176139  
1.56635  -1.00325  0.176139  
1.56554  -1.00332  0.163955  
1.56554  -1.00332  0.163955  
1.56554  -1.00332  0.163955  
1.56689  -1.00123  0.144416  
1.56689  -1.00123  0.144416  
1.56583  -1.0026  0.134081  
1.56678  -1.00136  0.123459  
1.56678  -1.00136  0.123459  
1.56678  -1.00136  0.123459  
1.56746  -1.00161  0.113771  
1.56746  -1.00161  0.113771  
1.56746  -1.00161  0.113771  
1.56585  -1.00255  0.103441  
1.56585  -1.00255  0.103441  
1.56585  -1.00255  0.103441  
1.56491  -1.00471  0.09424  
1.56491  -1.00471  0.09424  
1.56491  -1.00471  0.09424  
1.56591  -1.00256  0.0868297  
1.56535  -1.0035  0.0774657  
1.56535  -1.0035  0.0774657  
1.56535  -1.0035  0.0774657  
1.56535  -1.0035  0.0774657  
1.56535  -1.0035  0.0774657  
1.56477  -1.00263  0.0680272  
1.56531  -1.00369  0.0609977  
1.56531  -1.00369  0.0609977  
1.56528  -1.00521  0.0563558  
1.56528  -1.00521  0.0563558  
1.56457  -1.00383  0.0534467  
1.56457  -1.00383  0.0534467  
1.56457  -1.00383  0.0534467  
1.56457  -1.00383  0.0534467  
1.56397  -1.00506  0.0476794  
1.56397  -1.00506  0.0476794  
1.56397  -1.00506  0.0476794  
1.56396  -1.007  0.040645  
1.56396  -1.007  0.040645  
1.56396  -1.007  0.040645  
1.56396  -1.007  0.040645  
1.56461  -1.0059  0.0315585  
1.56461  -1.0059  0.0315585  
1.56461  -1.0059  0.0315585  
1.56461  -1.0059  0.0315585  
1.56502  -1.00515  0.0292344  
1.56502  -1.00515  0.0292344  
1.56553  -1.00438  0.028201  
1.56553  -1.00438  0.028201  
1.56553  -1.00438  0.028201  
1.56553  -1.00438  0.028201  
1.56334  -1.00739  0.0252656  
1.56391  -1.00737  0.0218322  
1.56391  -1.00737  0.0218322  
1.56391  -1.00737  0.0218322  
1.56391  -1.00737  0.0218322  
1.56391  -1.00737  0.0218322  
1.56325  -1.0071  0.0245185  
1.56325  -1.0071  0.0245185  
1.56312  -1.0077  0.0212514  
1.56312  -1.0077  0.0212514  
1.56278  -1.00631  0.0229009  
1.56278  -1.00631  0.0229009  
1.56278  -1.00631  0.0229009  
1.5628  -1.00573  0.0230234  
1.5628  -1.00573  0.0230234  
1.56369  -1.00344  0.0225565  
1.56369  -1.00344  0.0225565  
1.56369  -1.00344  0.0225565  
1.56254  -1.00581  0.0237843  
1.56254  -1.00581  0.0237843  
1.56254  -1.00581  0.0237843  
1.56254  -1.00581  0.0237843  
1.56287  -1.00444  0.0237111  
1.56287  -1.00444  0.0237111  
1.56287  -1.00444  0.0237111  
1.5629  -1.0044  0.023162  
1.5629  -1.0044  0.023162  
1.5629  -1.0044  0.023162  
1.5629  -1.0044  0.023162  
1.5627  -1.00506  0.0233866  
1.5627  -1.00506  0.0233866  
1.5627  -1.00506  0.0233866  
1.56253  -1.00466  0.0236906  
1.56253  -1.00466  0.0236906  
1.56253  -1.00466  0.0236906  
1.56415  -1.00293  0.0239858  
1.56415  -1.00293  0.0239858  
1.56331  -1.00411  0.0234895  
1.56331  -1.00411  0.0234895  
1.56331  -1.00411  0.0234895  
1.56318  -1.00502  0.0250795  
1.56318  -1.00502  0.0250795  
1.56318  -1.00502  0.0250795  
1.56318  -1.00502  0.0250795  
1.56242  -1.00524  0.0244065  
1.56242  -1.00524  0.0244065  
1.56242  -1.00524  0.0244065  
1.56372  -1.0026  0.0225904  
1.5629  -1.00397  0.0255924  
1.5629  -1.00397  0.0255924  
1.5629  -1.00397  0.0255924  
1.5629  -1.00397  0.0255924  
1.5629  -1.00397  0.0255924  
1.5629  -1.00397  0.0255924  
1.56353  -1.00308  0.0254812  
1.56353  -1.00308  0.0254812  
1.56196  -1.00584  0.0255282  
1.56196  -1.00584  0.0255282  
1.56196  -1.00584  0.0255282  
1.56196  -1.00584  0.0255282  
1.56196  -1.00584  0.0255282  
1.56196  -1.00584  0.0255282  
1.56196  -1.00584  0.0255282  
1.56196  -1.00584  0.0255282  
1.56294  -1.00438  0.0257478  
1.56294  -1.00438  0.0257478  
1.56294  -1.00438  0.0257478  
1.56308  -1.00444  0.0251975  
1.56308  -1.00444  0.0251975  
1.56308  -1.00444  0.0251975  
1.5626  -1.00458  0.0245599  
1.5626  -1.00458  0.0245599  
1.56123  -1.00561  0.0239673  
1.56123  -1.00561  0.0239673  
1.56307  -1.00465  0.0251288  
1.56307  -1.00465  0.0251288  
1.56283  -1.00399  0.0248929  
1.56283  -1.00399  0.0248929  
1.56283  -1.00399  0.0248929  
1.56283  -1.00399  0.0248929  
1.56248  -1.00463  0.0258777  
1.56248  -1.00463  0.0258777  
1.56378  -1.00339  0.0243773  
1.56378  -1.00339  0.0243773  
1.56378  -1.00339  0.0243773  
1.56378  -1.00339  0.0243773  
1.56378  -1.00339  0.0243773  
1.56251  -1.00481  0.0240992  
1.56251  -1.00481  0.0240992  
1.5622  -1.00566  0.0257358  
1.5622  -1.00566  0.0257358  
1.5622  -1.00566  0.0257358  
1.56154  -1.00579  0.0258937  
1.56154  -1.00579  0.0258937  
1.56154  -1.00579  0.0258937  
1.56154  -1.00579  0.0258937  
1.5624  -1.00493  0.0247952  
1.5624  -1.00493  0.0247952  
1.5624  -1.00493  0.0247952  
1.5624  -1.00493  0.0247952  
1.56353  -1.00282  0.0254232  
1.56353  -1.00282  0.0254232  
1.5638  -1.00368  0.0246673  
1.5638  -1.00368  0.0246673  
1.56956  -0.999605  0.0244978  
1.56956  -0.999605  0.0244978  
1.56956  -0.999605  0.0244978  
1.5693  -0.992983  0.0224331  
1.5693  -0.992983  0.0224331  
1.56912  -0.984705  0.0257401  
1.56912  -0.984705  0.0257401  
1.56912  -0.984705  0.0257401  
1.56757  -0.963458  0.0278792  
1.56757  -0.963458  0.0278792  
1.56757  -0.963458  0.0278792  
1.56763  -0.949207  0.0298934  
1.56763  -0.949207  0.0298934  
1.56763  -0.949207  0.0298934  
1.56763  -0.949207  0.0298934  
1.56763  -0.949207  0.0298934  
1.56763  -0.949207  0.0298934  
1.56765  -0.936861  0.0284019  
1.56765  -0.936861  0.0284019  
1.56684  -0.924491  0.0292128  
1.56684  -0.924491  0.0292128  
1.56712  -0.91046  0.0291325  
1.56712  -0.91046  0.0291325  
1.56712  -0.91046  0.0291325  
1.56864  -0.895409  0.0279081  
1.56864  -0.895409  0.0279081  
1.56869  -0.88116  0.0284446  
1.56869  -0.88116  0.0284446  
1.56921  -0.866204  0.0265749  
1.56921  -0.866204  0.0265749  
1.56921  -0.866204  0.0265749  
1.56988  -0.850194  0.0275979  
1.56988  -0.850194  0.0275979  
1.56988  -0.850194  0.0275979  
1.56988  -0.850194  0.0275979  
1.5703  -0.833591  0.0281949  
1.57104  -0.81594  0.0278884  
1.57104  -0.81594  0.0278884  
1.57104  -0.81594  0.0278884  
1.56949  -0.804463  0.0277343  
1.56949  -0.804463  0.0277343  
1.56949  -0.804463  0.0277343  
1.56953  -0.788476  0.0296264  
1.56953  -0.788476  0.0296264  
1.56986  -0.773572  0.0282782  
1.56986  -0.773572  0.0282782  
1.56986  -0.773572  0.0282782  
1.56986  -0.773572  0.0282782  
1.56986  -0.773572  0.0282782  
1.57009  -0.7592  0.0292946  
1.56954  -0.743701  0.0277933  
1.57041  -0.730405  0.0272795  
1.57041  -0.730405  0.0272795  
1.57041  -0.730405  0.0272795  
1.57041  -0.730405  0.0272795  
1.57041  -0.730405  0.0272795  
1.57199  -0.714247  0.0257089  
1.57199  -0.714247  0.0257089  
1.57344  -0.700231  0.0260466  
1.57344  -0.700231  0.0260466  
1.57344  -0.700231  0.0260466  
1.57207  -0.687536  0.0235275  
1.57207  -0.687536  0.0235275  
1.57207  -0.687536  0.0235275  
1.57207  -0.687536  0.0235275  
1.57207  -0.687536  0.0235275  
1.57207  -0.687536  0.0235275  
1.57207  -0.687536  0.0235275  
1.57207  -0.687536  0.0235275  
1.57207  -0.687536  0.0235275  
1.57284  -0.661282  0.0216292  
1.57284  -0.661282  0.0216292  
1.57284  -0.661282  0.0216292  
1.57284  -0.661282  0.0216292  
1.57421  -0.646566  0.022614  
1.57318  -0.61379  0.0212796  
1.57318  -0.61379  0.0212796  
1.57318  -0.61379  0.0212796  
1.57429  -0.592009  0.0194033  
1.57429  -0.592009  0.0194033  
1.57191  -0.577119  0.0188931  
1.57191  -0.577119  0.0188931  
1.57191  -0.577119  0.0188931  
1.57137  -0.556834  0.0198713  
1.57137  -0.556834  0.0198713  
1.57198  -0.535538  0.0204651  
1.57198  -0.535538  0.0204651  
1.57198  -0.535538  0.0204651  
1.57198  -0.535538  0.0204651  
1.57108  -0.517283  0.0168641  
1.57324  -0.497232  0.0190281  
1.57324  -0.497232  0.0190281  
1.572  -0.481263  0.0167342  
1.572  -0.481263  0.0167342  
1.572  -0.481263  0.0167342  
1.57315  -0.461367  0.0200599  
1.57315  -0.461367  0.0200599  
1.57315  -0.461367  0.0200599  
1.5724  -0.446367  0.0191147  
1.5724  -0.446367  0.0191147  
1.5724  -0.446367  0.0191147  
1.57259  -0.429184  0.0208688  
1.57259  -0.429184  0.0208688  
1.57259  -0.429184  0.0208688  
1.57259  -0.429184  0.0208688  
1.57291  -0.412597  0.0195653  
1.5727  -0.39897  0.0167235  
1.5727  -0.39897  0.0167235  
1.5727  -0.39897  0.0167235  
1.5727  -0.39897  0.0167235  
1.5727  -0.39897  0.0167235  
1.5727  -0.39897  0.0167235  
1.5727  -0.39897  0.0167235  
1.57403  -0.371664  0.016652  
1.57458  -0.359968  0.0157192  
1.57458  -0.359968  0.0157192  
1.57458  -0.359968  0.0157192  
1.57458  -0.359968  0.0157192  
1.57452  -0.349923  0.0157448  
1.57452  -0.349923  0.0157448  
1.57452  -0.349923  0.0157448  
1.57452  -0.349923  0.0157448  
1.57472  -0.32632  0.015374  
1.57472  -0.32632  0.015374  
1.57472  -0.32632  0.015374  
1.57472  -0.32632  0.015374  
1.57423  -0.313591  0.0145764  
1.57423  -0.313591  0.0145764  
1.57423  -0.313591  0.0145764  
1.57423  -0.313591  0.0145764  
1.57423  -0.313591  0.0145764  
1.57423  -0.313591  0.0145764  
1.57423  -0.313591  0.0145764  
1.57618  -0.274063  0.0124082  
1.57618  -0.274063  0.0124082  
1.57618  -0.274063  0.0124082  
1.57618  -0.274063  0.0124082  
1.57618  -0.274063  0.0124082  
1.5765  -0.259567  0.011554  
1.5765  -0.259567  0.011554  
1.5765  -0.259567  0.011554  
1.5765  -0.259567  0.011554  
1.5765  -0.259567  0.011554  
1.5765  -0.259567  0.011554  
1.5765  -0.259567  0.011554  
1.5765  -0.259567  0.011554  
1.57621  -0.247165  0.0103715  
1.57543  -0.22468  0.0111369  
1.57543  -0.22468  0.0111369  
1.57543  -0.22468  0.0111369  
1.57543  -0.22468  0.0111369  
1.57547  -0.19725  0.011009  
1.57547  -0.19725  0.011009  
1.57531  -0.184742  0.0120816  
1.57531  -0.184742  0.0120816  
1.57711  -0.172307  0.0113237  
1.57711  -0.172307  0.0113237  
1.57648  -0.165656  0.0103871  
1.57648  -0.165656  0.0103871  
1.57648  -0.165656  0.0103871  
1.57574  -0.159321  0.0117645  
1.57574  -0.159321  0.0117645  
1.57574  -0.152023  0.010852  
1.57574  -0.152023  0.010852  
1.57784  -0.142725  0.0135046  
1.57784  -0.142725  0.0135046  
1.57784  -0.142725  0.0135046  
1.57512  -0.134454  0.0131935  
1.57512  -0.134454  0.0131935  
1.57389  -0.124058  0.0126617  
1.57389  -0.124058  0.0126617  
1.57389  -0.124058  0.0126617  
1.57389  -0.124058  0.0126617  
1.57405  -0.110399  0.0126884  
1.57017  -0.0965029  0.0148879  
1.57017  -0.0965029  0.0148879  
1.57017  -0.0965029  0.0148879  
1.57017  -0.0965029  0.0148879  
1.57115  -0.0819489  0.0125606  
1.57115  -0.0819489  0.0125606  
1.57171  -0.0682731  0.0150926  
1.57171  -0.0682731  0.0150926  
1.56903  -0.0539408  0.0130224  
1.56903  -0.0539408  0.0130224  
1.56903  -0.0539408  0.0130224  
1.56881  -0.0381249  0.0176795  
1.56881  -0.0381249  0.0176795  
1.56881  -0.0381249  0.0176795  
1.56881  -0.0381249  0.0176795  
1.56881  -0.0381249  0.0176795  
1.56667  -0.031214  0.0157445  
1.56667  -0.031214  0.0157445  
1.56714  -0.018364  0.016209  
1.56668  -0.00935599  0.0159152  
1.56668  -0.00935599  0.0159152  
1.56783  -0.000363631  0.0168863  
1.56783  -0.000363631  0.0168863  
1.56783  -0.000363631  0.0168863  
1.56802  0.00628683  0.0189189  
1.56802  0.00628683  0.0189189  
1.56825  0.00923537  0.0157237  
1.56825  0.00923537  0.0157237  
1.56825  0.00923537  0.0157237  
1.56634  0.0105231  0.0152518  
1.56634  0.0105231  0.0152518  
1.56634  0.0105231  0.0152518  
1.57148  0.0197092  0.0152818  
1.57148  0.0197092  0.0152818  
1.57148  0.0197092  0.0152818  
1.57148  0.0197092  0.0152818  
1.56994  0.0165894  0.0161737  
1.56994  0.0165894  0.0161737  
1.57222  0.0204416  0.0149362  
1.5728  0.0203199  0.0144978  
1.5728  0.0203199  0.0144978  
1.5728  0.0203199  0.0144978  
1.5728  0.0203199  0.0144978  
1.57057  0.0178964  0.0148244  
1.57057  0.0178964  0.0148244  
1.57057  0.0178964  0.0148244  
1.57094  0.0187041  0.0123546  
1.57094  0.0187041  0.0123546  
1.57502  0.0209869  0.0129519  
1.57502  0.0209869  0.0129519  
1.57502  0.0209869  0.0129519  
1.57713  0.0176918  0.0140335  
1.57713  0.0176918  0.0140335  
1.57713  0.0176918  0.0140335  
1.57833  0.0177536  0.0139598  
1.57833  0.0177536  0.0139598  
1.57833  0.0177536  0.0139598  
1.5774  0.0189421  0.0110361  
1.5774  0.0189421  0.0110361  
1.5774  0.0189421  0.0110361  
1.5774  0.0189421  0.0110361  
1.5774  0.0189421  0.0110361  
1.5774  0.0189421  0.0110361  
1.5774  0.0189421  0.0110361  
1.57675  0.0165699  0.0107964  
1.57866  0.0180758  0.0135911  
1.57866  0.0180758  0.0135911  
1.57866  0.0180758  0.0135911  
1.57631  0.0143106  0.0118315  
1.57631  0.0143106  0.0118315  
1.57657  0.0136695  0.0123986  
1.57657  0.0136695  0.0123986  
1.57657  0.0136695  0.0123986  
1.57657  0.0136695  0.0123986  
1.57585  0.0136122  0.0130078  
1.57585  0.0136122  0.0130078  
1.57748  0.0155406  0.0144136  
1.57748  0.0155406  0.0144136  
1.57578  0.0141421  0.013961  
1.57578  0.0141421  0.013961  
1.57579  0.0125865  0.0145162  
1.57579  0.0125865  0.0145162  
1.57579  0.0125865  0.0145162  
1.57481  0.0121622  0.0125852  
1.57481  0.0121622  0.0125852  
1.57481  0.0121622  0.0125852  
1.57661  0.0153057  0.0121865  
1.57544  0.0138512  0.0129152  
1.57544  0.0138512  0.0129152  
1.57544  0.0138512  0.0129152  
1.57544  0.0138512  0.0129152  
1.57625  0.0131199  0.0140797  
1.57625  0.0131199  0.0140797  
1.57625  0.0131199  0.0140797  
1.57625  0.0131199  0.0140797  
1.57649  0.0147138  0.0137263  
1.57505  0.012681  0.0145607  
1.57505  0.012681  0.0145607  
1.57505  0.012681  0.0145607  
1.57853  0.018407  0.0150028  
1.57853  0.018407  0.0150028  
1.57853  0.018407  0.0150028  
1.57706  0.014943  0.0151056  
1.57706  0.014943  0.0151056  
1.57601  0.01419  0.0145082  
1.57601  0.01419  0.0145082  
1.57664  0.0143331  0.0141967  
1.57664  0.0143331  0.0141967  
1.57664  0.0143331  0.0141967  
1.57664  0.0143331  0.0141967  
1.5782  0.0172758  0.0141625  
1.5782  0.0172758  0.0141625  
1.57638  0.0144531  0.0124856  
1.57638  0.0144531  0.0124856  
1.57638  0.0144531  0.0124856  
1.57579  0.0135242  0.0129989  
1.57579  0.0135242  0.0129989  
1.57661  0.014716  0.0124386  
1.5766  0.0143062  0.0138114  
1.5766  0.0143062  0.0138114  
1.5766  0.0143062  0.0138114  
1.5766  0.0143062  0.0138114  
1.5766  0.0143062  0.0138114  
1.57543  0.0115295  0.0120564  
1.57543  0.0115295  0.0120564  
1.57529  0.0116224  0.0135391  
1.57529  0.0116224  0.0135391  
1.57529  0.0116224  0.0135391  
1.57582  0.013628  0.0102099  
1.57582  0.013628  0.0102099  
1.57582  0.013628  0.0102099  
1.57513  0.011663  0.0130295  
1.57513  0.011663  0.0130295  
1.57373  0.00984684  0.0112453  
1.57373  0.00984684  0.0112453  
1.57373  0.00984684  0.0112453  
1.57643  0.01311  0.0122278  
1.57643  0.01311  0.0122278  
1.57643  0.01311  0.0122278  
1.57643  0.01311  0.0122278  
1.57643  0.01311  0.0122278  
1.57643  0.01311  0.0122278  
1.57659  0.0143066  0.0127372  
1.57659  0.0143066  0.0127372  
1.57441  0.0120994  0.0117769  
1.57441  0.0120994  0.0117769  
1.57441  0.0120994  0.0117769  
1.57565  0.0124567  0.0129287  
1.57565  0.0124567  0.0129287  
1.5756  0.0127591  0.0127333  
1.57562  0.0126487  0.0142573  
1.57562  0.0126487  0.0142573  
1.57562  0.0126487  0.0142573  
1.57562  0.0126487  0.0142573  
1.57562  0.0126487  0.0142573  
1.57173  0.0082345  0.0140543  
1.57173  0.0082345  0.0140543  
1.57173  0.0082345  0.0140543  
1.57652  0.0147772  0.0160357  
1.57652  0.0147772  0.0160357  
1.57646  0.0141496  0.0163975  
1.57646  0.0141496  0.0163975  
1.57646  0.0141496  0.0163975  
1.57646  0.0141496  0.0163975  
1.57646  0.0141496  0.0163975  
1.57646  0.0141496  0.0163975  
1.57339  0.0111793  0.0124913  
1.57339  0.0111793  0.0124913  
1.57273  0.00925847  0.0113706  
1.57273  0.00925847  0.0113706  
1.57273  0.00925847  0.0113706  
1.57143  0.00793315  0.0127895  
1.57143  0.00793315  0.0127895  
1.57143  0.00793315  0.0127895  
1.57143  0.00793315  0.0127895  
1.57377  0.00945881  0.0123143  
1.57377  0.00945881  0.0123143  
1.57617  0.0144831  0.0143122  
1.57617  0.0144831  0.0143122  
1.57617  0.0144831  0.0143122  
1.57617  0.0144831  0.0143122  
1.57403  0.0102786  0.0136206  
1.57404  0.0114908  0.0129451  
1.57404  0.0114908  0.0129451  
1.57183  0.00933207  0.014567  
1.57183  0.00933207  0.014567  
1.57183  0.00933207  0.014567  
1.57546  0.0124008  0.0144157  
1.57546  0.0124008  0.0144157  
1.57546  0.0124008  0.0144157  
1.5736  0.0101047  0.0137952  
1.5736  0.0101047  0.0137952  
1.5736  0.0101047  0.0137952  
1.57203  0.00886356  0.0134811  
1.57203  0.00886356  0.0134811  
1.57434  0.0102516  0.0150443  
1.57434  0.0102516  0.0150443  
1.57434  0.0102516  0.0150443  
1.57454  0.01113  0.0123905  
1.57454  0.01113  0.0123905  
1.57454  0.01113  0.0123905  
1.57382  0.00996193  0.011943  
1.57382  0.00996193  0.011943  
1.57528  0.0108554  0.0132709  
1.57528  0.0108554  0.0132709  
1.57528  0.0108554  0.0132709  
1.57557  0.0132165  0.0116092  
1.57557  0.0132165  0.0116092  
1.57431  0.0104038  0.010321  
1.57431  0.0104038  0.010321  
1.574  0.0104873  0.0116182  
1.574  0.0104873  0.0116182  
1.574  0.0104873  0.0116182  
1.57375  0.0101046  0.0125755  
1.57375  0.0101046  0.0125755  
1.57375  0.0101046  0.0125755  
1.57375  0.0101046  0.0125755  
1.57391  0.0109969  0.0121345  
1.57391  0.0109969  0.0121345  
1.57383  0.0100364  0.0119256  
1.57383  0.0100364  0.0119256  
1.57317  0.0104547  0.0114365  
1.57317  0.0104547  0.0114365  
1.57317  0.0104547  0.0114365  
1.57197  0.00829573  0.0112269  
1.57197  0.00829573  0.0112269  
1.57197  0.00829573  0.0112269  
1.57268  0.00872837  0.0105008  
1.57268  0.00872837  0.0105008  
1.57321  0.00931136  0.0111482  
1.57321  0.00931136  0.0111482  
1.57321  0.00931136  0.0111482  
1.57476  0.0115322  0.0105527  
1.57476  0.0115322  0.0105527  
1.57476  0.0115322  0.0105527  
1.57395  0.00913186  0.00963098  
1.57395  0.00913186  0.00963098  
1.57395  0.00913186  0.00963098  
1.57608  0.0139694  0.0104925  
1.57608  0.0139694  0.0104925  
1.5741  0.00967488  0.0104321  
1.5741  0.00967488  0.0104321  
1.5741  0.00967488  0.0104321  
1.57398  0.00998159  0.0098671  
1.57398  0.00998159  0.0098671  
1.5726  0.00881386  0.0110186  
1.5726  0.00881386  0.0110186  
1.5726  0.00881386  0.0110186  
1.5726  0.00881386  0.0110186  
1.5723  0.00863681  0.00978966  
1.57283  0.00943016  0.00738393  
1.57283  0.00943016  0.00738393  
1.57283  0.00943016  0.00738393  
1.57328  0.00994087  0.00745772  
1.57328  0.00994087  0.00745772  
1.57328  0.00994087  0.00745772  
1.57391  0.0102052  0.00955196  
1.57414  0.0104142  0.0095362  
1.57414  0.0104142  0.0095362  
1.57414  0.0104142  0.0095362  
1.57328  0.00822683  0.0105733  
1.57328  0.00822683  0.0105733  
1.5759  0.0132702  0.0117669  
1.5759  0.0132702  0.0117669  
1.5759  0.0132702  0.0117669  
1.57474  0.0115924  0.00946043  
1.57474  0.0115924  0.00946043  
1.57474  0.0115924  0.00946043  
1.574  0.00946845  0.0106958  
1.574  0.00946845  0.0106958  
1.57551  0.0126032  0.0109954  
1.57551  0.0126032  0.0109954  
1.57551  0.0126032  0.0109954  
1.57297  0.0092427  0.00948313  
1.57297  0.0092427  0.00948313  
1.57453  0.0110189  0.0107119  
1.57453  0.0110189  0.0107119  
1.57453  0.0110189  0.0107119  
1.57453  0.0110189  0.0107119  
1.57533  0.0120407  0.00939331  
1.57533  0.0120407  0.00939331  
1.57533  0.0120407  0.00939331  
1.57413  0.0102384  0.00851876  
1.57413  0.0102384  0.00851876  
1.57479  0.0114457  0.0100449  
1.57479  0.0114457  0.0100449  
1.57479  0.0114457  0.0100449  
1.57479  0.0114457  0.0100449  
1.57479  0.0114457  0.0100449  
1.57403  0.0103699  0.00873805  
1.57403  0.0103699  0.00873805  
1.57403  0.0103699  0.00873805  
1.57334  0.00906436  0.0104174  
1.57301  0.0086959  0.00856734  
1.57301  0.0086959  0.00856734  
1.5733  0.00940383  0.00949565  
1.5733  0.00940383  0.00949565  
1.5733  0.00940383  0.00949565  
1.5733  0.00940383  0.00949565  
1.5733  0.00940383  0.00949565  
1.5733  0.00940383  0.00949565  
1.5733  0.00940383  0.00949565  
1.5733  0.00940383  0.00949565  
1.5733  0.00940383  0.00949565  
1.5733  0.00940383  0.00949565  
1.5733  0.00940383  0.00949565  
1.5733  0.00940383  0.00949565  
1.5733  0.00940383  0.00949565  
1.5733  0.00940383  0.00949565  
1.5733  0.00940383  0.00949565  
1.5733  0.00940383  0.00949565  
1.5733  0.00940383  0.00949565  
1.5733  0.00940383  0.00949565  
1.5733  0.00940383  0.00949565  
1.5733  0.00940383  0.00949565  
1.5733  0.00940383  0.00949565  
1.5733  0.00940383  0.00949565  
1.5733  0.00940383  0.00949565  
1.5733  0.00940383  0.00949565  
1.5733  0.00940383  0.00949565  
