1.57207  0.00028052  -0.00429495  
1.57207  0.00028052  -0.00429495  
1.57207  0.00028052  -0.00429495  
1.57207  0.00028052  -0.00429495  
1.56992  -0.00232827  -0.00593272  
1.56992  -0.00232827  -0.00593272  
1.56992  -0.00232827  -0.00593272  
1.57016  -0.00214232  -0.00681555  
1.57037  -0.00196967  -0.00788843  
1.57037  -0.00196967  -0.00788843  
1.57037  -0.00196967  -0.00788843  
1.5704  -0.00181868  -0.00724688  
1.5704  -0.00181868  -0.00724688  
1.5704  -0.00181868  -0.00724688  
1.57047  -0.0017355  -0.00738048  
1.57047  -0.0017355  -0.00738048  
1.57121  7.58852e-05  -0.00598242  
1.57121  7.58852e-05  -0.00598242  
1.57121  7.58852e-05  -0.00598242  
1.57121  7.58852e-05  -0.00598242  
1.57154  -0.00134897  -0.00691969  
1.57028  -0.00258725  -0.00573728  
1.57028  -0.00258725  -0.00573728  
1.57028  -0.00258725  -0.00573728  
1.5719  -0.000879821  -0.00512581  
1.5719  -0.000879821  -0.00512581  
1.5719  -0.000879821  -0.00512581  
1.5719  -0.000879821  -0.00512581  
1.57118  -0.000499061  -0.00683491  
1.57118  -0.000499061  -0.00683491  
1.5717  -0.000179412  -0.00768807  
1.5717  -0.000179412  -0.00768807  
1.5717  -0.000179412  -0.00768807  
1.56952  -0.00248647  -0.00772106  
1.56952  -0.00248647  -0.00772106  
1.57033  -0.00283646  -0.00606652  
1.57033  -0.00283646  -0.00606652  
1.57134  -0.000997555  -0.00737948  
1.57134  -0.000997555  -0.00737948  
1.57134  -0.000997555  -0.00737948  
1.57134  -0.000997555  -0.00737948  
1.57161  -0.000681213  -0.0062852  
1.57161  -0.000681213  -0.0062852  
1.57039  -0.00193681  -0.00694983  
1.57039  -0.00193681  -0.00694983  
1.57209  -0.00101048  -0.00615947  
1.57209  -0.00101048  -0.00615947  
1.57087  -0.0021863  -0.00762095  
1.57087  -0.0021863  -0.00762095  
1.57086  -0.002048  -0.00759559  
1.57086  -0.002048  -0.00759559  
1.57086  -0.002048  -0.00759559  
1.57085  -0.00202586  -0.00783146  
1.57085  -0.00202586  -0.00783146  
1.57085  -0.00202586  -0.00783146  
1.57085  -0.00202586  -0.00783146  
1.57088  -0.00245741  -0.0100245  
1.57088  -0.00245741  -0.0100245  
1.57088  -0.00245741  -0.0100245  
1.56988  -0.00348253  -0.00886945  
1.56953  -0.00405508  -0.0105082  
1.56953  -0.00405508  -0.0105082  
1.56953  -0.00405508  -0.0105082  
1.56953  -0.00405508  -0.0105082  
1.57038  -0.00315163  -0.00967803  
1.56991  -0.00280428  -0.0099902  
1.56991  -0.00280428  -0.0099902  
1.56991  -0.00280428  -0.0099902  
1.56991  -0.00280428  -0.0099902  
1.57082  -0.00259511  -0.00814377  
1.57082  -0.00259511  -0.00814377  
1.57082  -0.00259511  -0.00814377  
1.57038  -0.00245649  -0.00916414  
1.57067  -0.001761  -0.00824293  
1.57067  -0.001761  -0.00824293  
1.57067  -0.001761  -0.00824293  
1.57164  -0.00147887  -0.00807603  
1.57164  -0.00147887  -0.00807603  
1.57164  -0.00147887  -0.00807603  
1.56968  -0.00362926  -0.00902086  
1.56968  -0.00362926  -0.00902086  
1.5704  -0.003022  -0.0103636  
1.5704  -0.003022  -0.0103636  
1.5704  -0.003022  -0.0103636  
1.56997  -0.00423996  -0.0103969  
1.56997  -0.00423996  -0.0103969  
1.56997  -0.00423996  -0.0103969  
1.5692  -0.00453073  -0.0124544  
1.56922  -0.00521678  -0.011339  
1.56922  -0.00521678  -0.011339  
1.56922  -0.00521678  -0.011339  
1.56922  -0.00521678  -0.011339  
1.56922  -0.00521678  -0.011339  
1.56922  -0.00521678  -0.011339  
1.56922  -0.00521678  -0.011339  
1.56922  -0.00521678  -0.011339  
1.56902  -0.00469941  -0.0122602  
1.56902  -0.00469941  -0.0122602  
1.56902  -0.00469941  -0.0122602  
1.56902  -0.00469941  -0.0122602  
1.56902  -0.00469941  -0.0122602  
1.56902  -0.00469941  -0.0122602  
1.56902  -0.00469941  -0.0122602  
1.56902  -0.00469941  -0.0122602  
1.56902  -0.00469941  -0.0122602  
1.56902  -0.00469941  -0.0122602  
1.56902  -0.00469941  -0.0122602  
1.56927  -0.00519295  -0.0104215  
1.56927  -0.00519295  -0.0104215  
1.57082  -0.00393819  -0.0093074  
1.57082  -0.00393819  -0.0093074  
1.57137  -0.00329869  -0.00909431  
1.57137  -0.00329869  -0.00909431  
1.57137  -0.00329869  -0.00909431  
1.57103  -0.00420837  -0.00969882  
1.57103  -0.00420837  -0.00969882  
1.57103  -0.00420837  -0.00969882  
1.57003  -0.00584411  -0.0100156  
1.57003  -0.00584411  -0.0100156  
1.57003  -0.00584411  -0.0100156  
1.57053  -0.00509151  -0.01028  
1.57053  -0.00509151  -0.01028  
1.56981  -0.00619127  -0.0109685  
1.56981  -0.00619127  -0.0109685  
1.56981  -0.00619127  -0.0109685  
1.56889  -0.00594936  -0.0110294  
1.56889  -0.00594936  -0.0110294  
1.56889  -0.00594936  -0.0110294  
1.57021  -0.00542045  -0.0112856  
1.57021  -0.00542045  -0.0112856  
1.56904  -0.00701555  -0.0122747  
1.56904  -0.00701555  -0.0122747  
1.56904  -0.00701555  -0.0122747  
1.56911  -0.00733426  -0.0128044  
1.56911  -0.00733426  -0.0128044  
1.56911  -0.00733426  -0.0128044  
1.56994  -0.00573446  -0.0119683  
1.56994  -0.00573446  -0.0119683  
1.5704  -0.00611116  -0.0123621  
1.5704  -0.00611116  -0.0123621  
1.5704  -0.00611116  -0.0123621  
1.56994  -0.00654016  -0.0109451  
1.56994  -0.00654016  -0.0109451  
1.56994  -0.00654016  -0.0109451  
1.56926  -0.00582079  -0.0148599  
1.56926  -0.00582079  -0.0148599  
1.5696  -0.00584626  -0.0143148  
1.5696  -0.00584626  -0.0143148  
1.5696  -0.00584626  -0.0143148  
1.56851  -0.00665393  -0.0160992  
1.56851  -0.00665393  -0.0160992  
1.56851  -0.00665393  -0.0160992  
1.56978  -0.00635358  -0.0146647  
1.56978  -0.00635358  -0.0146647  
1.5701  -0.00649378  -0.0148429  
1.5701  -0.00649378  -0.0148429  
1.5688  -0.00779119  -0.0140823  
1.5688  -0.00779119  -0.0140823  
1.5688  -0.00779119  -0.0140823  
1.56898  -0.00693731  -0.0168571  
1.56898  -0.00693731  -0.0168571  
1.56898  -0.00693731  -0.0168571  
1.56898  -0.00693731  -0.0168571  
1.56841  -0.00760347  -0.0154272  
1.56841  -0.00760347  -0.0154272  
1.5697  -0.00670474  -0.0161638  
1.57042  -0.00572051  -0.0150929  
1.57042  -0.00572051  -0.0150929  
1.57042  -0.00572051  -0.0150929  
1.56836  -0.00871883  -0.0157107  
1.56836  -0.00871883  -0.0157107  
1.56873  -0.00871856  -0.0168778  
1.56873  -0.00871856  -0.0168778  
1.56873  -0.00871856  -0.0168778  
1.56893  -0.00745803  -0.0164872  
1.56893  -0.00745803  -0.0164872  
1.56893  -0.00745803  -0.0164872  
1.56859  -0.00854335  -0.0168205  
1.56859  -0.00854335  -0.0168205  
1.56796  -0.00907142  -0.0170271  
1.56796  -0.00907142  -0.0170271  
1.56796  -0.00907142  -0.0170271  
1.56771  -0.00931579  -0.0185472  
1.56771  -0.00931579  -0.0185472  
1.56771  -0.00931579  -0.0185472  
1.56722  -0.0100021  -0.0183334  
1.56722  -0.0100021  -0.0183334  
1.56805  -0.00708462  -0.0168845  
1.56805  -0.00708462  -0.0168845  
1.56805  -0.00708462  -0.0168845  
1.57207  -0.00865794  -0.012215  
1.57207  -0.00865794  -0.012215  
1.57207  -0.00865794  -0.012215  
1.57207  -0.00865794  -0.012215  
1.57531  -0.00951801  -0.0107492  
1.57531  -0.00951801  -0.0107492  
1.57531  -0.00951801  -0.0107492  
1.58008  -0.0114637  -0.00967066  
1.583  -0.0114546  -0.00941668  
1.583  -0.0114546  -0.00941668  
1.583  -0.0114546  -0.00941668  
1.583  -0.0114546  -0.00941668  
1.58598  -0.0114541  -0.00909273  
1.58381  -0.0101364  -0.0078279  
1.58381  -0.0101364  -0.0078279  
1.58381  -0.0101364  -0.0078279  
1.57832  -0.0101571  -0.00722159  
1.57832  -0.0101571  -0.00722159  
1.57832  -0.0101571  -0.00722159  
1.57295  -0.00529266  -0.000242977  
1.57295  -0.00529266  -0.000242977  
1.57295  -0.00529266  -0.000242977  
1.5751  -0.00339643  -0.000380881  
1.57374  -0.00685611  0.00450441  
1.57374  -0.00685611  0.00450441  
1.57452  -0.00743522  0.00810125  
1.57452  -0.00743522  0.00810125  
1.57452  -0.00743522  0.00810125  
1.57452  -0.00743522  0.00810125  
1.57659  -0.00429035  0.0138936  
1.57659  -0.00429035  0.0138936  
1.57659  -0.00429035  0.0138936  
1.57659  -0.00429035  0.0138936  
1.57509  -0.00562227  0.0209674  
1.57302  -0.00881285  0.0310591  
1.57302  -0.00881285  0.0310591  
1.57257  -0.0081889  0.0435569  
1.57257  -0.0081889  0.0435569  
1.57257  -0.0081889  0.0435569  
1.57257  -0.0081889  0.0435569  
1.57319  -0.00775991  0.0536898  
1.57319  -0.00775991  0.0536898  
1.57319  -0.00775991  0.0536898  
1.57194  -0.00982893  0.0649019  
1.5728  -0.0116465  0.0764047  
1.5728  -0.0116465  0.0764047  
1.5728  -0.0116465  0.0764047  
1.574  -0.0150514  0.0919019  
1.574  -0.0150514  0.0919019  
1.57098  -0.0186717  0.106754  
1.57098  -0.0186717  0.106754  
1.57098  -0.0186717  0.106754  
1.57005  -0.0198073  0.120661  
1.57005  -0.0198073  0.120661  
1.57005  -0.0198073  0.120661  
1.57005  -0.0198073  0.120661  
1.57306  -0.0154724  0.136798  
1.57306  -0.0154724  0.136798  
1.57306  -0.0154724  0.136798  
1.57253  -0.0156817  0.149244  
1.57216  -0.0148076  0.160439  
1.57216  -0.0148076  0.160439  
1.57216  -0.0148076  0.160439  
1.57216  -0.0148076  0.160439  
1.57116  -0.0151441  0.171491  
1.57234  -0.0136975  0.182885  
1.57234  -0.0136975  0.182885  
1.57234  -0.0136975  0.182885  
1.57446  -0.011739  0.192471  
1.57446  -0.011739  0.192471  
1.57446  -0.011739  0.192471  
1.57446  -0.011739  0.192471  
1.57191  -0.0118617  0.203611  
1.57122  -0.0138128  0.200043  
1.57122  -0.0138128  0.200043  
1.57122  -0.0138128  0.200043  
1.57122  -0.0138128  0.200043  
1.57122  -0.0138128  0.200043  
1.57122  -0.0138128  0.200043  
1.57122  -0.0138128  0.200043  
1.57122  -0.0138128  0.200043  
1.57122  -0.0138128  0.200043  
1.57122  -0.0138128  0.200043  
1.57122  -0.0138128  0.200043  
1.57122  -0.0138128  0.200043  
1.57122  -0.0138128  0.200043  
1.57122  -0.0138128  0.200043  
1.57122  -0.0138128  0.200043  
1.57122  -0.0138128  0.200043  
1.57122  -0.0138128  0.200043  
1.57122  -0.0138128  0.200043  
1.57122  -0.0138128  0.200043  
1.57122  -0.0138128  0.200043  
1.57122  -0.0138128  0.200043  
1.57122  -0.0138128  0.200043  
1.57122  -0.0138128  0.200043  
1.57122  -0.0138128  0.200043  
1.57122  -0.0138128  0.200043  
1.57122  -0.0138128  0.200043  
1.57122  -0.0138128  0.200043  
1.57122  -0.0138128  0.200043  
1.57122  -0.0138128  0.200043  
1.56972  -0.0142297  0.19851  
1.56972  -0.0142297  0.19851  
1.56972  -0.0142297  0.19851  
1.56771  -0.014679  0.20035  
1.56771  -0.014679  0.20035  
1.56771  -0.014679  0.20035  
1.56771  -0.014679  0.20035  
1.56771  -0.014679  0.20035  
1.56771  -0.014679  0.20035  
1.56771  -0.014679  0.20035  
1.57512  -0.0106728  0.349835  
1.57337  -0.0142874  0.371255  
1.57337  -0.0142874  0.371255  
1.57337  -0.0142874  0.371255  
1.57541  -0.0143412  0.395725  
1.57541  -0.0143412  0.395725  
1.575  -0.01551  0.421414  
1.575  -0.01551  0.421414  
1.575  -0.01551  0.421414  
1.57659  -0.0151753  0.44666  
1.57659  -0.0151753  0.44666  
1.577  -0.0164123  0.472821  
1.577  -0.0164123  0.472821  
1.577  -0.0164123  0.472821  
1.57645  -0.0185116  0.495882  
1.57645  -0.0185116  0.495882  
1.57645  -0.0185116  0.495882  
1.57916  -0.0151615  0.525996  
1.57916  -0.0151615  0.525996  
1.57916  -0.0151615  0.525996  
1.58005  -0.0141925  0.551868  
1.58005  -0.0141925  0.551868  
1.57931  -0.0133012  0.574874  
1.57931  -0.0133012  0.574874  
1.58081  -0.0143498  0.596689  
1.58081  -0.0143498  0.596689  
1.58081  -0.0143498  0.596689  
1.58081  -0.0143498  0.596689  
1.58327  -0.0125074  0.620426  
1.58327  -0.0125074  0.620426  
1.58327  -0.0125074  0.620426  
1.58327  -0.0125074  0.620426  
1.58327  -0.0125074  0.620426  
1.58327  -0.0125074  0.620426  
1.58327  -0.0125074  0.620426  
1.58327  -0.0125074  0.620426  
1.58327  -0.0125074  0.620426  
1.58327  -0.0125074  0.620426  
1.58327  -0.0125074  0.620426  
1.58327  -0.0125074  0.620426  
1.58327  -0.0125074  0.620426  
1.58327  -0.0125074  0.620426  
1.58327  -0.0125074  0.620426  
1.58529  -0.0152793  0.722498  
1.58529  -0.0152793  0.722498  
1.58529  -0.0152793  0.722498  
1.58455  -0.0153219  0.759816  
1.58455  -0.0153219  0.759816  
1.58885  -0.0104285  0.782795  
1.58885  -0.0104285  0.782795  
1.58989  -0.0108447  0.799723  
1.58989  -0.0108447  0.799723  
1.58989  -0.0108447  0.799723  
1.58989  -0.0108447  0.799723  
1.58989  -0.0108447  0.799723  
1.58817  -0.0106241  0.815029  
1.58817  -0.0106241  0.815029  
1.59012  -0.0100495  0.832986  
1.59012  -0.0100495  0.832986  
1.58861  -0.0102604  0.845536  
1.58861  -0.0102604  0.845536  
1.58861  -0.0102604  0.845536  
1.58835  -0.00965665  0.857408  
1.58835  -0.00965665  0.857408  
1.58835  -0.00965665  0.857408  
1.59051  -0.0102086  0.869415  
1.59051  -0.0102086  0.869415  
1.59378  -0.00474672  0.880093  
1.5926  -0.00504311  0.890781  
1.5926  -0.00504311  0.890781  
1.5926  -0.00504311  0.890781  
1.59251  -0.0049621  0.901559  
1.59251  -0.0049621  0.901559  
1.59251  -0.0049621  0.901559  
1.59251  -0.0049621  0.901559  
1.59251  -0.0049621  0.901559  
1.59251  -0.0049621  0.901559  
1.59251  -0.0049621  0.901559  
1.59251  -0.0049621  0.901559  
1.59251  -0.0049621  0.901559  
1.59251  -0.0049621  0.901559  
1.59251  -0.0049621  0.901559  
1.59251  -0.0049621  0.901559  
1.59251  -0.0049621  0.901559  
1.59251  -0.0049621  0.901559  
1.59251  -0.0049621  0.901559  
1.59251  -0.0049621  0.901559  
1.59251  -0.0049621  0.901559  
1.59251  -0.0049621  0.901559  
1.59251  -0.0049621  0.901559  
1.59251  -0.0049621  0.901559  
1.59251  -0.0049621  0.901559  
1.59251  -0.0049621  0.901559  
1.59251  -0.0049621  0.901559  
1.59251  -0.0049621  0.901559  
1.59251  -0.0049621  0.901559  
1.59251  -0.0049621  0.901559  
1.59251  -0.0049621  0.901559  
1.59251  -0.0049621  0.901559  
1.59251  -0.0049621  0.901559  
1.59251  -0.0049621  0.901559  
1.59251  -0.0049621  0.901559  
1.59251  -0.0049621  0.901559  
1.59251  -0.0049621  0.901559  
1.59251  -0.0049621  0.901559  
1.59251  -0.0049621  0.901559  
1.59251  -0.0049621  0.901559  
1.59251  -0.0049621  0.901559  
1.59251  -0.0049621  0.901559  
1.59251  -0.0049621  0.901559  
1.59251  -0.0049621  0.901559  
1.59251  -0.0049621  0.901559  
1.59251  -0.0049621  0.901559  
1.59251  -0.0049621  0.901559  
1.59251  -0.0049621  0.901559  
1.59251  -0.0049621  0.901559  
1.59251  -0.0049621  0.901559  
1.59251  -0.0049621  0.901559  
1.59251  -0.0049621  0.901559  
1.59251  -0.0049621  0.901559  
1.59251  -0.0049621  0.901559  
1.59251  -0.0049621  0.901559  
1.59251  -0.0049621  0.901559  
1.59251  -0.0049621  0.901559  
1.59251  -0.0049621  0.901559  
1.59251  -0.0049621  0.901559  
1.59251  -0.0049621  0.901559  
1.59251  -0.0049621  0.901559  
1.59251  -0.0049621  0.901559  
1.59251  -0.0049621  0.901559  
1.59251  -0.0049621  0.901559  
1.59251  -0.0049621  0.901559  
1.59251  -0.0049621  0.901559  
1.59251  -0.0049621  0.901559  
1.59251  -0.0049621  0.901559  
1.59251  -0.0049621  0.901559  
1.59251  -0.0049621  0.901559  
1.59251  -0.0049621  0.901559  
1.59251  -0.0049621  0.901559  
1.59251  -0.0049621  0.901559  
1.59251  -0.0049621  0.901559  
1.59251  -0.0049621  0.901559  
1.59251  -0.0049621  0.901559  
1.59251  -0.0049621  0.901559  
1.59251  -0.0049621  0.901559  
1.59251  -0.0049621  0.901559  
1.59251  -0.0049621  0.901559  
1.59251  -0.0049621  0.901559  
1.59251  -0.0049621  0.901559  
1.59251  -0.0049621  0.901559  
1.59251  -0.0049621  0.901559  
1.59251  -0.0049621  0.901559  
1.59251  -0.0049621  0.901559  
1.59251  -0.0049621  0.901559  
1.59251  -0.0049621  0.901559  
1.59251  -0.0049621  0.901559  
1.59251  -0.0049621  0.901559  
1.59251  -0.0049621  0.901559  
1.59251  -0.0049621  0.901559  
1.59251  -0.0049621  0.901559  
1.59251  -0.0049621  0.901559  
1.59251  -0.0049621  0.901559  
1.59251  -0.0049621  0.901559  
1.59251  -0.0049621  0.901559  
1.59251  -0.0049621  0.901559  
1.59251  -0.0049621  0.901559  
1.59251  -0.0049621  0.901559  
1.59251  -0.0049621  0.901559  
1.59251  -0.0049621  0.901559  
1.59251  -0.0049621  0.901559  
1.59251  -0.0049621  0.901559  
1.59251  -0.0049621  0.901559  
1.59251  -0.0049621  0.901559  
1.59251  -0.0049621  0.901559  
1.59251  -0.0049621  0.901559  
1.59251  -0.0049621  0.901559  
1.59251  -0.0049621  0.901559  
1.59251  -0.0049621  0.901559  
1.59251  -0.0049621  0.901559  
1.59251  -0.0049621  0.901559  
1.59251  -0.0049621  0.901559  
1.59251  -0.0049621  0.901559  
1.59251  -0.0049621  0.901559  
1.59345  -0.00277479  0.921517  
1.59345  -0.00277479  0.921517  
1.59345  -0.00277479  0.921517  
1.59345  -0.00277479  0.921517  
1.59345  -0.00277479  0.921517  
1.59389  -0.00279933  0.935672  
1.59389  -0.00279933  0.935672  
1.59389  -0.00279933  0.935672  
1.59389  -0.00279933  0.935672  
1.59389  -0.00279933  0.935672  
1.59389  -0.00279933  0.935672  
1.59389  -0.00279933  0.935672  
1.59389  -0.00279933  0.935672  
1.59389  -0.00279933  0.935672  
1.59389  -0.00279933  0.935672  
1.59506  -0.0625011  0.996812  
1.59506  -0.0625011  0.996812  
1.59506  -0.0625011  0.996812  
1.59506  -0.0625011  0.996812  
1.59506  -0.0625011  0.996812  
1.59506  -0.0625011  0.996812  
1.59506  -0.0625011  0.996812  
1.59425  -0.101883  0.995752  
1.59425  -0.101883  0.995752  
1.59088  -0.120928  0.996557  
1.59088  -0.120928  0.996557  
1.59088  -0.120928  0.996557  
1.59088  -0.120928  0.996557  
1.59088  -0.120928  0.996557  
1.59088  -0.120928  0.996557  
1.59088  -0.120928  0.996557  
1.59088  -0.120928  0.996557  
1.59088  -0.120928  0.996557  
1.59088  -0.120928  0.996557  
1.59088  -0.120928  0.996557  
1.59088  -0.120928  0.996557  
1.59088  -0.120928  0.996557  
1.59088  -0.120928  0.996557  
1.59088  -0.120928  0.996557  
1.59088  -0.120928  0.996557  
1.59088  -0.120928  0.996557  
1.59088  -0.120928  0.996557  
1.59088  -0.120928  0.996557  
1.59088  -0.120928  0.996557  
1.59088  -0.120928  0.996557  
1.59088  -0.120928  0.996557  
1.59088  -0.120928  0.996557  
1.59088  -0.120928  0.996557  
1.59088  -0.120928  0.996557  
1.59088  -0.120928  0.996557  
1.59088  -0.120928  0.996557  
1.59088  -0.120928  0.996557  
1.59088  -0.120928  0.996557  
1.59088  -0.120928  0.996557  
1.59088  -0.120928  0.996557  
1.59088  -0.120928  0.996557  
1.59088  -0.120928  0.996557  
1.59088  -0.120928  0.996557  
1.59088  -0.120928  0.996557  
1.59088  -0.120928  0.996557  
1.59088  -0.120928  0.996557  
1.59088  -0.120928  0.996557  
1.59088  -0.120928  0.996557  
1.59088  -0.120928  0.996557  
1.59088  -0.120928  0.996557  
1.59088  -0.120928  0.996557  
1.59088  -0.120928  0.996557  
1.59088  -0.120928  0.996557  
1.59088  -0.120928  0.996557  
1.59088  -0.120928  0.996557  
1.59088  -0.120928  0.996557  
1.59088  -0.120928  0.996557  
1.59088  -0.120928  0.996557  
1.59088  -0.120928  0.996557  
1.59088  -0.120928  0.996557  
1.59088  -0.120928  0.996557  
1.59088  -0.120928  0.996557  
1.59088  -0.120928  0.996557  
1.59088  -0.120928  0.996557  
1.59088  -0.120928  0.996557  
1.59088  -0.120928  0.996557  
1.59088  -0.120928  0.996557  
1.59088  -0.120928  0.996557  
1.59088  -0.120928  0.996557  
1.59088  -0.120928  0.996557  
1.59196  -0.164048  0.991378  
1.59196  -0.164048  0.991378  
1.59196  -0.164048  0.991378  
1.59196  -0.164048  0.991378  
1.58672  -0.679105  0.9768  
1.58672  -0.679105  0.9768  
1.58784  -0.695543  0.977879  
1.58784  -0.695543  0.977879  
1.58784  -0.695543  0.977879  
1.58878  -0.708862  0.976169  
1.58878  -0.708862  0.976169  
1.58878  -0.708862  0.976169  
1.58869  -0.721819  0.977028  
1.58869  -0.721819  0.977028  
1.58869  -0.721819  0.977028  
1.58762  -0.737443  0.977056  
1.58762  -0.737443  0.977056  
1.58762  -0.737443  0.977056  
1.58762  -0.737443  0.977056  
1.58762  -0.737443  0.977056  
1.58754  -0.760121  0.980487  
1.58754  -0.760121  0.980487  
1.58754  -0.760121  0.980487  
1.58881  -0.769096  0.980215  
1.58881  -0.769096  0.980215  
1.58881  -0.769096  0.980215  
1.58881  -0.769096  0.980215  
1.58881  -0.769096  0.980215  
1.58787  -0.790192  0.980095  
1.58787  -0.790192  0.980095  
1.58787  -0.790192  0.980095  
1.58948  -0.798565  0.980939  
1.58948  -0.798565  0.980939  
1.58847  -0.808956  0.980735  
1.58847  -0.808956  0.980735  
1.58847  -0.808956  0.980735  
1.58918  -0.818132  0.980891  
1.58918  -0.818132  0.980891  
1.58918  -0.818132  0.980891  
1.58806  -0.826827  0.979159  
1.58806  -0.826827  0.979159  
1.58806  -0.826827  0.979159  
1.5874  -0.834265  0.979762  
1.5874  -0.834265  0.979762  
1.5889  -0.841364  0.980288  
1.5889  -0.841364  0.980288  
1.5889  -0.841364  0.980288  
1.5889  -0.841364  0.980288  
1.5889  -0.841364  0.980288  
1.58988  -0.8513  0.981405  
1.58849  -0.861205  0.979106  
1.58849  -0.861205  0.979106  
1.58987  -0.871606  0.979219  
1.58987  -0.871606  0.979219  
1.58943  -0.88187  0.97788  
1.58943  -0.88187  0.97788  
1.58943  -0.88187  0.97788  
1.58922  -0.890178  0.978599  
1.58922  -0.890178  0.978599  
1.58922  -0.890178  0.978599  
1.58922  -0.890178  0.978599  
1.58922  -0.890178  0.978599  
1.58922  -0.890178  0.978599  
1.58922  -0.890178  0.978599  
1.58922  -0.890178  0.978599  
1.58922  -0.890178  0.978599  
1.58922  -0.890178  0.978599  
1.58922  -0.890178  0.978599  
1.58922  -0.890178  0.978599  
1.58922  -0.890178  0.978599  
1.58922  -0.890178  0.978599  
1.58922  -0.890178  0.978599  
1.58982  -0.923428  0.976794  
1.58982  -0.923428  0.976794  
1.58982  -0.923428  0.976794  
1.58982  -0.923428  0.976794  
1.59046  -0.940276  0.973738  
1.58958  -0.948765  0.975493  
1.58958  -0.948765  0.975493  
1.59028  -0.955897  0.976687  
1.59028  -0.955897  0.976687  
1.59028  -0.955897  0.976687  
1.59065  -0.961099  0.975813  
1.59065  -0.961099  0.975813  
1.59065  -0.961099  0.975813  
1.59143  -0.967694  0.976368  
1.59143  -0.967694  0.976368  
1.59014  -0.973418  0.974733  
1.59014  -0.973418  0.974733  
1.58955  -0.979721  0.974957  
1.58955  -0.979721  0.974957  
1.58955  -0.979721  0.974957  
1.58998  -0.985435  0.976052  
1.58998  -0.985435  0.976052  
1.58998  -0.985435  0.976052  
1.58998  -0.985435  0.976052  
1.59189  -0.99055  0.974964  
1.59112  -0.992436  0.975367  
1.59112  -0.992436  0.975367  
1.59112  -0.992436  0.975367  
1.59098  -0.996319  0.975875  
1.59098  -0.996319  0.975875  
1.59093  -0.999375  0.975183  
1.59093  -0.999375  0.975183  
1.59093  -0.999375  0.975183  
1.59093  -0.999375  0.975183  
1.59093  -0.999375  0.975183  
1.59093  -0.999375  0.975183  
1.59093  -0.999375  0.975183  
1.59093  -0.999375  0.975183  
1.58979  -1.00296  0.974236  
1.58877  -1.00383  0.975955  
1.58877  -1.00383  0.975955  
1.58877  -1.00383  0.975955  
1.58877  -1.00383  0.975955  
1.58877  -1.00383  0.975955  
1.58877  -1.00383  0.975955  
1.58963  -1.00432  0.975235  
1.591  -1.00277  0.975342  
1.59104  -1.00207  0.975395  
1.59104  -1.00207  0.975395  
1.59104  -1.00207  0.975395  
1.59104  -1.00207  0.975395  
1.59041  -1.00317  0.975011  
1.59041  -1.00317  0.975011  
1.59041  -1.00317  0.975011  
1.59041  -1.00317  0.975011  
1.59041  -1.00317  0.975011  
1.59041  -1.00317  0.975011  
1.59041  -1.00317  0.975011  
1.59041  -1.00317  0.975011  
1.59041  -1.00317  0.975011  
1.59041  -1.00317  0.975011  
1.59041  -1.00317  0.975011  
1.59041  -1.00317  0.975011  
1.59041  -1.00317  0.975011  
1.59041  -1.00317  0.975011  
1.59041  -1.00317  0.975011  
1.59041  -1.00317  0.975011  
1.59041  -1.00317  0.975011  
1.59041  -1.00317  0.975011  
1.59041  -1.00317  0.975011  
1.59041  -1.00317  0.975011  
1.59041  -1.00317  0.975011  
1.59041  -1.00317  0.975011  
1.59041  -1.00317  0.975011  
1.59041  -1.00317  0.975011  
1.59041  -1.00317  0.975011  
1.59041  -1.00317  0.975011  
1.59041  -1.00317  0.975011  
1.59041  -1.00317  0.975011  
1.59041  -1.00317  0.975011  
1.59041  -1.00317  0.975011  
1.59041  -1.00317  0.975011  
1.59041  -1.00317  0.975011  
1.59041  -1.00317  0.975011  
1.59041  -1.00317  0.975011  
1.59041  -1.00317  0.975011  
1.59041  -1.00317  0.975011  
1.59041  -1.00317  0.975011  
1.59041  -1.00317  0.975011  
1.59041  -1.00317  0.975011  
1.59041  -1.00317  0.975011  
1.59041  -1.00317  0.975011  
1.59041  -1.00317  0.975011  
1.59041  -1.00317  0.975011  
1.59041  -1.00317  0.975011  
1.59041  -1.00317  0.975011  
1.59041  -1.00317  0.975011  
1.59041  -1.00317  0.975011  
1.59041  -1.00317  0.975011  
1.59041  -1.00317  0.975011  
1.58965  -1.00323  0.97491  
1.59101  -1.00253  0.975273  
1.59101  -1.00253  0.975273  
1.58988  -1.00183  0.968409  
1.5905  -1.00161  0.962197  
1.5905  -1.00161  0.962197  
1.5905  -1.00161  0.962197  
1.59102  -1.00218  0.956504  
1.59102  -1.00218  0.956504  
1.59008  -1.00349  0.947533  
1.59008  -1.00349  0.947533  
1.59008  -1.00349  0.947533  
1.59008  -1.00349  0.947533  
1.59008  -1.00349  0.947533  
1.59008  -1.00349  0.947533  
1.59008  -1.00349  0.947533  
1.59008  -1.00349  0.947533  
1.59008  -1.00349  0.947533  
1.59008  -1.00349  0.947533  
1.59008  -1.00349  0.947533  
1.59008  -1.00349  0.947533  
1.59008  -1.00349  0.947533  
1.59008  -1.00349  0.947533  
1.59008  -1.00349  0.947533  
1.59008  -1.00349  0.947533  
1.59008  -1.00349  0.947533  
1.59008  -1.00349  0.947533  
1.59008  -1.00349  0.947533  
1.59008  -1.00349  0.947533  
1.59008  -1.00349  0.947533  
1.59008  -1.00349  0.947533  
1.59008  -1.00349  0.947533  
1.59008  -1.00349  0.947533  
1.59008  -1.00349  0.947533  
1.59008  -1.00349  0.947533  
1.59008  -1.00349  0.947533  
1.59008  -1.00349  0.947533  
1.59008  -1.00349  0.947533  
1.59008  -1.00349  0.947533  
1.59008  -1.00349  0.947533  
1.59008  -1.00349  0.947533  
1.59008  -1.00349  0.947533  
1.59008  -1.00349  0.947533  
1.59008  -1.00349  0.947533  
1.59008  -1.00349  0.947533  
1.59008  -1.00349  0.947533  
1.59008  -1.00349  0.947533  
1.59008  -1.00349  0.947533  
1.59008  -1.00349  0.947533  
1.59008  -1.00349  0.947533  
1.59008  -1.00349  0.947533  
1.59008  -1.00349  0.947533  
1.59008  -1.00349  0.947533  
1.59008  -1.00349  0.947533  
1.59008  -1.00349  0.947533  
1.59008  -1.00349  0.947533  
1.59008  -1.00349  0.947533  
1.59008  -1.00349  0.947533  
1.59008  -1.00349  0.947533  
1.59008  -1.00349  0.947533  
1.59008  -1.00349  0.947533  
1.59008  -1.00349  0.947533  
1.59008  -1.00349  0.947533  
1.59008  -1.00349  0.947533  
1.59008  -1.00349  0.947533  
1.59008  -1.00349  0.947533  
1.59008  -1.00349  0.947533  
1.59008  -1.00349  0.947533  
1.59008  -1.00349  0.947533  
1.59008  -1.00349  0.947533  
1.59008  -1.00349  0.947533  
1.59008  -1.00349  0.947533  
1.59008  -1.00349  0.947533  
1.59008  -1.00349  0.947533  
1.59008  -1.00349  0.947533  
1.59008  -1.00349  0.947533  
1.59008  -1.00349  0.947533  
1.59008  -1.00349  0.947533  
1.59008  -1.00349  0.947533  
1.59008  -1.00349  0.947533  
1.59008  -1.00349  0.947533  
1.59008  -1.00349  0.947533  
1.59008  -1.00349  0.947533  
1.59008  -1.00349  0.947533  
1.59008  -1.00349  0.947533  
1.59008  -1.00349  0.947533  
1.59008  -1.00349  0.947533  
1.59008  -1.00349  0.947533  
1.59008  -1.00349  0.947533  
1.59008  -1.00349  0.947533  
1.59008  -1.00349  0.947533  
1.59008  -1.00349  0.947533  
1.59008  -1.00349  0.947533  
1.59008  -1.00349  0.947533  
1.59008  -1.00349  0.947533  
1.59008  -1.00349  0.947533  
1.59008  -1.00349  0.947533  
1.59008  -1.00349  0.947533  
1.59008  -1.00349  0.947533  
1.59008  -1.00349  0.947533  
1.59008  -1.00349  0.947533  
1.59008  -1.00349  0.947533  
1.59008  -1.00349  0.947533  
1.59008  -1.00349  0.947533  
1.59008  -1.00349  0.947533  
1.59008  -1.00349  0.947533  
1.59008  -1.00349  0.947533  
1.59008  -1.00349  0.947533  
1.59008  -1.00349  0.947533  
1.59008  -1.00349  0.947533  
1.59008  -1.00349  0.947533  
1.59008  -1.00349  0.947533  
1.59008  -1.00349  0.947533  
1.59295  -0.99694  0.806906  
1.59295  -0.99694  0.806906  
1.59295  -0.99694  0.806906  
1.59295  -0.99694  0.806906  
1.59295  -0.99694  0.806906  
1.59295  -0.99694  0.806906  
1.59295  -0.99694  0.806906  
1.59295  -0.99694  0.806906  
1.59295  -0.99694  0.806906  
1.59295  -0.99694  0.806906  
1.59295  -0.99694  0.806906  
1.59295  -0.99694  0.806906  
1.59295  -0.99694  0.806906  
1.59295  -0.99694  0.806906  
1.59295  -0.99694  0.806906  
1.59295  -0.99694  0.806906  
1.59931  -0.976293  0.275058  
1.59931  -0.976293  0.275058  
1.59885  -0.975503  0.265419  
1.59885  -0.975503  0.265419  
1.60046  -0.97326  0.253586  
1.60046  -0.97326  0.253586  
1.60046  -0.97326  0.253586  
1.60046  -0.97326  0.253586  
1.59965  -0.972584  0.243073  
1.59965  -0.972584  0.243073  
1.59965  -0.972584  0.243073  
1.59965  -0.972584  0.243073  
1.59974  -0.972139  0.217943  
1.59974  -0.972139  0.217943  
1.59974  -0.972139  0.217943  
1.60021  -0.972068  0.206266  
1.60021  -0.972068  0.206266  
1.60065  -0.971488  0.199543  
1.60065  -0.971488  0.199543  
1.60065  -0.971488  0.199543  
1.60112  -0.970513  0.18875  
1.60112  -0.970513  0.18875  
1.59574  -0.972349  0.180642  
1.59574  -0.972349  0.180642  
1.59574  -0.972349  0.180642  
1.59673  -0.970074  0.166864  
1.59673  -0.970074  0.166864  
1.59673  -0.970074  0.166864  
1.59615  -0.971991  0.155759  
1.59615  -0.971991  0.155759  
1.59591  -0.971793  0.146277  
1.59591  -0.971793  0.146277  
1.59591  -0.971793  0.146277  
1.59589  -0.97112  0.137703  
1.59589  -0.97112  0.137703  
1.59589  -0.97112  0.137703  
1.59589  -0.97112  0.137703  
1.59544  -0.970994  0.129767  
1.59687  -0.970806  0.123601  
1.59687  -0.970806  0.123601  
1.59687  -0.970806  0.123601  
1.59735  -0.970137  0.117773  
1.59735  -0.970137  0.117773  
1.59735  -0.970137  0.117773  
1.59735  -0.970137  0.117773  
1.59735  -0.970137  0.117773  
1.59735  -0.970137  0.117773  
1.59735  -0.970137  0.117773  
1.59735  -0.970137  0.117773  
1.59735  -0.970137  0.117773  
1.59735  -0.970137  0.117773  
1.59735  -0.970137  0.117773  
1.59735  -0.970137  0.117773  
1.59735  -0.970137  0.117773  
1.59735  -0.970137  0.117773  
1.59735  -0.970137  0.117773  
1.59613  -0.969868  0.0815759  
1.59613  -0.969868  0.0815759  
1.59613  -0.969868  0.0815759  
1.59399  -0.970666  0.0639699  
1.59399  -0.970666  0.0639699  
1.59305  -0.971656  0.0563938  
1.59305  -0.971656  0.0563938  
1.59305  -0.971656  0.0563938  
1.596  -0.968127  0.0507898  
1.596  -0.968127  0.0507898  
1.596  -0.968127  0.0507898  
1.59553  -0.970555  0.0437186  
1.59429  -0.969991  0.0413309  
1.59429  -0.969991  0.0413309  
1.59429  -0.969991  0.0413309  
1.59429  -0.969991  0.0413309  
1.59429  -0.969991  0.0413309  
1.59429  -0.969991  0.0413309  
1.59429  -0.969991  0.0413309  
1.59429  -0.969991  0.0413309  
1.59429  -0.969991  0.0413309  
1.59429  -0.969991  0.0413309  
1.59429  -0.969991  0.0413309  
1.59429  -0.969991  0.0413309  
1.59429  -0.969991  0.0413309  
1.59429  -0.969991  0.0413309  
1.59429  -0.969991  0.0413309  
1.59429  -0.969991  0.0413309  
1.59429  -0.969991  0.0413309  
1.59429  -0.969991  0.0413309  
1.59427  -0.970354  0.0241077  
1.59467  -0.970227  0.0180346  
1.59467  -0.970227  0.0180346  
1.59467  -0.970227  0.0180346  
1.59467  -0.970227  0.0180346  
1.59367  -0.971638  0.0120848  
1.59367  -0.971638  0.0120848  
1.59427  -0.969216  0.00792621  
1.59427  -0.969216  0.00792621  
1.59427  -0.969216  0.00792621  
1.59406  -0.969581  0.00679735  
1.59526  -0.96941  0.0045278  
1.59526  -0.96941  0.0045278  
1.59526  -0.96941  0.0045278  
1.59445  -0.969326  0.00252362  
1.59445  -0.969326  0.00252362  
1.59445  -0.969326  0.00252362  
1.59527  -0.967615  0.000434983  
1.59527  -0.967615  0.000434983  
1.59366  -0.970744  0.00088202  
1.59366  -0.970744  0.00088202  
1.594  -0.969601  -0.000210875  
1.594  -0.969601  -0.000210875  
1.594  -0.969601  -0.000210875  
1.5939  -0.97047  -0.00130891  
1.5939  -0.97047  -0.00130891  
1.59203  -0.970193  0.000111054  
1.59203  -0.970193  0.000111054  
1.59203  -0.970193  0.000111054  
1.59216  -0.968757  0.000752658  
1.59216  -0.968757  0.000752658  
1.59216  -0.968757  0.000752658  
1.59175  -0.968489  0.00268471  
1.59175  -0.968489  0.00268471  
1.59175  -0.968489  0.00268471  
1.59311  -0.96676  0.0013317  
1.59311  -0.96676  0.0013317  
1.59311  -0.96676  0.0013317  
1.59311  -0.96676  0.0013317  
1.59311  -0.96676  0.0013317  
1.59311  -0.96676  0.0013317  
1.59311  -0.96676  0.0013317  
1.5918  -0.96875  0.00191535  
1.5918  -0.96875  0.00191535  
1.5918  -0.96875  0.00191535  
1.59167  -0.969364  0.0027243  
1.59167  -0.969364  0.0027243  
1.59252  -0.967468  0.00121547  
1.59139  -0.968932  0.00260134  
1.59139  -0.968932  0.00260134  
1.59139  -0.968932  0.00260134  
1.59176  -0.968915  0.00164106  
1.59176  -0.968915  0.00164106  
1.59176  -0.968915  0.00164106  
1.59176  -0.968915  0.00164106  
1.59191  -0.967595  0.00202406  
1.59191  -0.967595  0.00202406  
1.59191  -0.967595  0.00202406  
1.59191  -0.967595  0.00202406  
1.59179  -0.968374  0.00254721  
1.59217  -0.968381  0.0021047  
1.5925  -0.967041  0.000438093  
1.5925  -0.967041  0.000438093  
1.5925  -0.967041  0.000438093  
1.59167  -0.968915  0.00177225  
1.59167  -0.968915  0.00177225  
1.59232  -0.96746  0.00149272  
1.59232  -0.96746  0.00149272  
1.59232  -0.96746  0.00149272  
1.59267  -0.966852  0.00352071  
1.59267  -0.966852  0.00352071  
1.5914  -0.96906  0.00188544  
1.5914  -0.96906  0.00188544  
1.5914  -0.96906  0.00188544  
1.59149  -0.968947  0.000499753  
1.59149  -0.968947  0.000499753  
1.59149  -0.968947  0.000499753  
1.59152  -0.968229  0.00130028  
1.59152  -0.968229  0.00130028  
1.59159  -0.968514  0.00171163  
1.59159  -0.968514  0.00171163  
1.59159  -0.968514  0.00171163  
1.59159  -0.968514  0.00171163  
1.59154  -0.969326  0.00121764  
1.59154  -0.969326  0.00121764  
1.59154  -0.969326  0.00121764  
1.59154  -0.969326  0.00121764  
1.59217  -0.967866  0.000298862  
1.59217  -0.967866  0.000298862  
1.5914  -0.968697  0.00144033  
1.5914  -0.968697  0.00144033  
1.5914  -0.968697  0.00144033  
1.5914  -0.968697  0.00144033  
1.5914  -0.968697  0.00144033  
1.5914  -0.968697  0.00144033  
1.5914  -0.968697  0.00144033  
1.5914  -0.968697  0.00144033  
1.59184  -0.968114  -0.00039057  
1.59184  -0.968114  -0.00039057  
1.59287  -0.967518  0.000107791  
1.59287  -0.967518  0.000107791  
1.59163  -0.968172  0.00121261  
1.59163  -0.968172  0.00121261  
1.59163  -0.968172  0.00121261  
1.59243  -0.967945  0.000274631  
1.59243  -0.967945  0.000274631  
1.59243  -0.967945  0.000274631  
1.59213  -0.968127  0.000771135  
1.59213  -0.968127  0.000771135  
1.59213  -0.968127  0.000771135  
1.59112  -0.969995  0.00156776  
1.59112  -0.969995  0.00156776  
1.59112  -0.969995  0.00156776  
1.59167  -0.968774  0.00164967  
1.59167  -0.968774  0.00164967  
1.59167  -0.968774  0.00164967  
1.59167  -0.968774  0.00164967  
1.59167  -0.968774  0.00164967  
1.59167  -0.968774  0.00164967  
1.59167  -0.968774  0.00164967  
1.59167  -0.968774  0.00164967  
1.59167  -0.968774  0.00164967  
1.59167  -0.968774  0.00164967  
1.59167  -0.968774  0.00164967  
1.59167  -0.968774  0.00164967  
1.59167  -0.968774  0.00164967  
1.59167  -0.968774  0.00164967  
1.59167  -0.968774  0.00164967  
1.59167  -0.968774  0.00164967  
1.59167  -0.968774  0.00164967  
1.59167  -0.968774  0.00164967  
1.59167  -0.968774  0.00164967  
1.59167  -0.968774  0.00164967  
1.59167  -0.968774  0.00164967  
1.59167  -0.968774  0.00164967  
1.59167  -0.968774  0.00164967  
1.59167  -0.968774  0.00164967  
1.59167  -0.968774  0.00164967  
1.59167  -0.968774  0.00164967  
1.59167  -0.968774  0.00164967  
1.59167  -0.968774  0.00164967  
1.59167  -0.968774  0.00164967  
1.59167  -0.968774  0.00164967  
1.59167  -0.968774  0.00164967  
1.59167  -0.968774  0.00164967  
1.59167  -0.968774  0.00164967  
1.59167  -0.968774  0.00164967  
1.59167  -0.968774  0.00164967  
1.59167  -0.968774  0.00164967  
1.59167  -0.968774  0.00164967  
1.59167  -0.968774  0.00164967  
1.59167  -0.968774  0.00164967  
1.59167  -0.968774  0.00164967  
1.59167  -0.968774  0.00164967  
1.59167  -0.968774  0.00164967  
1.59167  -0.968774  0.00164967  
1.59167  -0.968774  0.00164967  
1.59167  -0.968774  0.00164967  
1.59167  -0.968774  0.00164967  
1.59167  -0.968774  0.00164967  
1.59189  -0.96915  0.000781036  
1.59189  -0.96915  0.000781036  
1.59189  -0.96915  0.000781036  
1.59215  -0.968035  -7.32361e-05  
1.59215  -0.968035  -7.32361e-05  
1.59215  -0.968035  -7.32361e-05  
1.59215  -0.968035  -7.32361e-05  
1.59215  -0.968035  -7.32361e-05  
1.59594  -0.950118  0.00482378  
1.59594  -0.950118  0.00482378  
1.59594  -0.950118  0.00482378  
1.59594  -0.950118  0.00482378  
1.59594  -0.950118  0.00482378  
1.59594  -0.950118  0.00482378  
1.59594  -0.950118  0.00482378  
1.59594  -0.950118  0.00482378  
1.59594  -0.950118  0.00482378  
1.59594  -0.950118  0.00482378  
1.59594  -0.950118  0.00482378  
1.59624  -0.929506  0.00800707  
1.59716  -0.91807  0.00832617  
1.59716  -0.91807  0.00832617  
1.59716  -0.91807  0.00832617  
1.59716  -0.91807  0.00832617  
1.59716  -0.91807  0.00832617  
1.59716  -0.91807  0.00832617  
1.59716  -0.91807  0.00832617  
1.59716  -0.91807  0.00832617  
1.59716  -0.91807  0.00832617  
1.59716  -0.91807  0.00832617  
1.59716  -0.91807  0.00832617  
1.59716  -0.91807  0.00832617  
1.59716  -0.91807  0.00832617  
1.59716  -0.91807  0.00832617  
1.59716  -0.91807  0.00832617  
1.59716  -0.91807  0.00832617  
1.59716  -0.91807  0.00832617  
1.59716  -0.91807  0.00832617  
1.59716  -0.91807  0.00832617  
1.59716  -0.91807  0.00832617  
1.59716  -0.91807  0.00832617  
1.59716  -0.91807  0.00832617  
1.59716  -0.91807  0.00832617  
1.59716  -0.91807  0.00832617  
1.59716  -0.91807  0.00832617  
1.59716  -0.91807  0.00832617  
1.59716  -0.91807  0.00832617  
1.59716  -0.91807  0.00832617  
1.59716  -0.91807  0.00832617  
1.59716  -0.91807  0.00832617  
1.59716  -0.91807  0.00832617  
1.59716  -0.91807  0.00832617  
1.59716  -0.91807  0.00832617  
1.59716  -0.91807  0.00832617  
1.59716  -0.91807  0.00832617  
1.59716  -0.91807  0.00832617  
1.59716  -0.91807  0.00832617  
1.59716  -0.91807  0.00832617  
1.59716  -0.91807  0.00832617  
1.59716  -0.91807  0.00832617  
1.59716  -0.91807  0.00832617  
1.59716  -0.91807  0.00832617  
1.59716  -0.91807  0.00832617  
1.59716  -0.91807  0.00832617  
1.59716  -0.91807  0.00832617  
1.59716  -0.91807  0.00832617  
1.59716  -0.91807  0.00832617  
1.59716  -0.91807  0.00832617  
1.59716  -0.91807  0.00832617  
1.59716  -0.91807  0.00832617  
1.59716  -0.91807  0.00832617  
1.59716  -0.91807  0.00832617  
1.59907  -0.788883  0.00805862  
1.59842  -0.767868  0.0088061  
1.59842  -0.767868  0.0088061  
1.60262  -0.530135  0.00837729  
1.60262  -0.50844  0.00749841  
1.60262  -0.50844  0.00749841  
1.60244  -0.487462  0.00637799  
1.60244  -0.487462  0.00637799  
1.60244  -0.487462  0.00637799  
1.60244  -0.487462  0.00637799  
1.60418  -0.464048  0.00795075  
1.60418  -0.464048  0.00795075  
1.60398  -0.44199  0.00868325  
1.60398  -0.44199  0.00868325  
1.60398  -0.44199  0.00868325  
1.60398  -0.44199  0.00868325  
1.60288  -0.422509  0.00822669  
1.60288  -0.422509  0.00822669  
1.60288  -0.422509  0.00822669  
1.60346  -0.402056  0.00707307  
1.60316  -0.380809  0.00714131  
1.60316  -0.380809  0.00714131  
1.60316  -0.380809  0.00714131  
1.60216  -0.358935  0.00672864  
1.60216  -0.358935  0.00672864  
1.60216  -0.358935  0.00672864  
1.60434  -0.337647  0.00717546  
1.60434  -0.337647  0.00717546  
1.6049  -0.319227  0.00906778  
1.6049  -0.319227  0.00906778  
1.6049  -0.319227  0.00906778  
1.60677  -0.300579  0.0126032  
1.60677  -0.300579  0.0126032  
1.60677  -0.300579  0.0126032  
1.60668  -0.284621  0.0128282  
1.60668  -0.284621  0.0128282  
1.60668  -0.284621  0.0128282  
1.60537  -0.271808  0.0124362  
1.60537  -0.271808  0.0124362  
1.605  -0.259118  0.0106759  
1.605  -0.259118  0.0106759  
1.605  -0.259118  0.0106759  
1.60732  -0.242419  0.0126154  
1.60732  -0.242419  0.0126154  
1.60921  -0.225034  0.0123318  
1.60921  -0.225034  0.0123318  
1.60921  -0.225034  0.0123318  
1.60921  -0.225034  0.0123318  
1.60617  -0.213176  0.0102233  
1.60617  -0.213176  0.0102233  
1.60927  -0.194539  0.0111117  
1.60927  -0.194539  0.0111117  
1.60563  -0.17924  0.0120129  
1.60563  -0.17924  0.0120129  
1.60563  -0.17924  0.0120129  
1.60609  -0.166739  0.0136146  
1.60609  -0.166739  0.0136146  
1.60609  -0.166739  0.0136146  
1.60611  -0.156115  0.0118602  
1.60611  -0.156115  0.0118602  
1.60611  -0.156115  0.0118602  
1.60738  -0.147845  0.0124778  
1.60738  -0.147845  0.0124778  
1.60751  -0.140466  0.0122445  
1.60751  -0.140466  0.0122445  
1.60751  -0.140466  0.0122445  
1.60753  -0.132087  0.012961  
1.60753  -0.132087  0.012961  
1.60753  -0.132087  0.012961  
1.60681  -0.125644  0.0140406  
1.60681  -0.125644  0.0140406  
1.60547  -0.122469  0.00984292  
1.60547  -0.122469  0.00984292  
1.60547  -0.122469  0.00984292  
1.60379  -0.114118  0.0151825  
1.60379  -0.114118  0.0151825  
1.60379  -0.114118  0.0151825  
1.60465  -0.106525  0.0124379  
1.60465  -0.106525  0.0124379  
1.60241  -0.0965859  0.0152186  
1.60241  -0.0965859  0.0152186  
1.60241  -0.0965859  0.0152186  
1.60107  -0.0919253  0.0145205  
1.60107  -0.0919253  0.0145205  
1.60294  -0.0808501  0.017465  
1.60294  -0.0808501  0.017465  
1.60294  -0.0808501  0.017465  
1.60294  -0.0808501  0.017465  
1.60294  -0.0808501  0.017465  
1.60267  -0.0689165  0.0152145  
1.59463  -0.0613076  0.0156748  
1.59463  -0.0613076  0.0156748  
1.59463  -0.0613076  0.0156748  
1.5943  -0.0514848  0.0175772  
1.5943  -0.0514848  0.0175772  
1.59124  -0.0439685  0.0177998  
1.59124  -0.0439685  0.0177998  
1.59124  -0.0439685  0.0177998  
1.58892  -0.0355362  0.0187938  
1.58892  -0.0355362  0.0187938  
1.58581  -0.0277988  0.0187722  
1.58581  -0.0277988  0.0187722  
1.58581  -0.0277988  0.0187722  
1.58717  -0.0147796  0.0201799  
1.58717  -0.0147796  0.0201799  
1.58366  -0.00782617  0.0218489  
1.58366  -0.00782617  0.0218489  
1.58366  -0.00782617  0.0218489  
1.5827  -0.00156122  0.0196413  
1.5827  -0.00156122  0.0196413  
1.5827  -0.00156122  0.0196413  
1.58198  0.00335829  0.0196838  
1.58198  0.00335829  0.0196838  
1.5817  0.00676455  0.0214319  
1.5817  0.00676455  0.0214319  
1.5817  0.00676455  0.0214319  
1.5829  0.0120657  0.0238851  
1.5829  0.0120657  0.0238851  
1.5829  0.0120657  0.0238851  
1.58154  0.0158513  0.0201771  
1.58154  0.0158513  0.0201771  
1.58154  0.0158513  0.0201771  
1.58188  0.0206334  0.0215085  
1.58188  0.0206334  0.0215085  
1.58295  0.0264229  0.0212589  
1.58295  0.0264229  0.0212589  
1.58401  0.0320473  0.0205363  
1.58401  0.0320473  0.0205363  
1.58401  0.0320473  0.0205363  
1.58386  0.0357747  0.0213544  
1.58386  0.0357747  0.0213544  
1.58386  0.0357747  0.0213544  
1.58386  0.0357747  0.0213544  
1.58135  0.0376091  0.0215274  
1.58135  0.0376091  0.0215274  
1.58287  0.043036  0.0212507  
1.58287  0.043036  0.0212507  
1.58273  0.0446816  0.0220921  
1.58273  0.0446816  0.0220921  
1.58273  0.0446816  0.0220921  
1.58276  0.0471266  0.0202988  
1.58276  0.0471266  0.0202988  
1.58276  0.0471266  0.0202988  
1.58276  0.0471266  0.0202988  
1.58276  0.0471266  0.0202988  
1.58276  0.0471266  0.0202988  
1.58276  0.0471266  0.0202988  
1.58243  0.0523838  0.0200146  
1.58214  0.0522292  0.0199247  
1.58214  0.0522292  0.0199247  
1.5815  0.0505835  0.0201994  
1.5815  0.0505835  0.0201994  
1.5815  0.0505835  0.0201994  
1.5815  0.0505835  0.0201994  
1.58454  0.0532103  0.0192943  
1.58692  0.0535814  0.0201827  
1.58692  0.0535814  0.0201827  
1.58692  0.0535814  0.0201827  
1.591  0.0526401  0.018978  
1.591  0.0526401  0.018978  
1.60034  0.053359  0.0186323  
1.60034  0.053359  0.0186323  
1.60034  0.053359  0.0186323  
1.60664  0.0556902  0.0197921  
1.60664  0.0556902  0.0197921  
1.60664  0.0556902  0.0197921  
1.60722  0.0564903  0.021202  
1.60722  0.0564903  0.021202  
1.60718  0.0565993  0.0206555  
1.60718  0.0565993  0.0206555  
1.60718  0.0565993  0.0206555  
1.60674  0.0561762  0.0197279  
1.60674  0.0561762  0.0197279  
1.60674  0.0561762  0.0197279  
1.60756  0.0565184  0.0199141  
1.60756  0.0565184  0.0199141  
1.6067  0.0551569  0.0192326  
1.6067  0.0551569  0.0192326  
1.6067  0.0551569  0.0192326  
1.60676  0.0566943  0.0185711  
1.60676  0.0566943  0.0185711  
1.60676  0.0566943  0.0185711  
1.60597  0.0533195  0.0201245  
1.60597  0.0533195  0.0201245  
1.60737  0.0555439  0.0220194  
1.60737  0.0555439  0.0220194  
1.60737  0.0555439  0.0220194  
1.60623  0.054365  0.0210038  
1.60623  0.054365  0.0210038  
1.60623  0.054365  0.0210038  
1.6059  0.0545549  0.0191075  
1.6059  0.0545549  0.0191075  
1.60446  0.0535629  0.0204627  
1.60446  0.0535629  0.0204627  
1.60446  0.0535629  0.0204627  
1.60586  0.0538811  0.0211106  
1.60586  0.0538811  0.0211106  
1.60447  0.0520956  0.019379  
1.60447  0.0520956  0.019379  
1.60447  0.0520956  0.019379  
1.60546  0.0529352  0.0210711  
1.60546  0.0529352  0.0210711  
1.60546  0.0529352  0.0210711  
1.60522  0.0522737  0.0209389  
1.60522  0.0522737  0.0209389  
1.60505  0.0528571  0.0192355  
1.60505  0.0528571  0.0192355  
1.60505  0.0528571  0.0192355  
1.60408  0.0512805  0.0182683  
1.60408  0.0512805  0.0182683  
1.60408  0.0512805  0.0182683  
1.60383  0.0512234  0.0185215  
1.60383  0.0512234  0.0185215  
1.60479  0.0518164  0.0193717  
1.60479  0.0518164  0.0193717  
1.60479  0.0518164  0.0193717  
1.60462  0.052535  0.0180128  
1.60462  0.052535  0.0180128  
1.6048  0.0525242  0.0182622  
1.6048  0.0525242  0.0182622  
1.6048  0.0525242  0.0182622  
1.60416  0.0511538  0.0198867  
1.60416  0.0511538  0.0198867  
1.60416  0.0511538  0.0198867  
1.60485  0.0515943  0.019155  
1.60485  0.0515943  0.019155  
1.60485  0.0515943  0.019155  
1.60623  0.0535447  0.0194903  
1.60623  0.0535447  0.0194903  
1.60479  0.0527857  0.0184688  
1.60479  0.0527857  0.0184688  
1.60479  0.0527857  0.0184688  
1.60476  0.0526621  0.0186967  
1.60476  0.0526621  0.0186967  
1.60536  0.0528317  0.0184743  
1.60536  0.0528317  0.0184743  
1.60536  0.0528317  0.0184743  
1.60303  0.0505708  0.0168585  
1.60303  0.0505708  0.0168585  
1.60439  0.051791  0.0190012  
1.60439  0.051791  0.0190012  
1.60439  0.051791  0.0190012  
1.60655  0.0538927  0.0193958  
1.60655  0.0538927  0.0193958  
1.60655  0.0538927  0.0193958  
1.60287  0.0494071  0.0155625  
1.60287  0.0494071  0.0155625  
1.60287  0.0494071  0.0155625  
1.60287  0.0494071  0.0155625  
1.6048  0.0503154  0.0183718  
1.60427  0.051399  0.0169497  
1.60427  0.051399  0.0169497  
1.60427  0.051399  0.0169497  
1.60457  0.0517502  0.0187539  
1.60457  0.0517502  0.0187539  
1.60457  0.0517502  0.0187539  
1.60358  0.050292  0.0166111  
1.60358  0.050292  0.0166111  
1.60387  0.0501608  0.0180291  
1.60387  0.0501608  0.0180291  
1.60387  0.0501608  0.0180291  
1.6042  0.0511222  0.0169133  
1.6042  0.0511222  0.0169133  
1.6042  0.0511222  0.0169133  
1.60582  0.0534562  0.0167524  
1.60582  0.0534562  0.0167524  
1.60582  0.0534562  0.0167524  
1.60446  0.049888  0.0184008  
1.60446  0.049888  0.0184008  
1.60512  0.0521858  0.0169172  
1.60512  0.0521858  0.0169172  
1.60512  0.0521858  0.0169172  
1.60512  0.052873  0.0182441  
1.60512  0.052873  0.0182441  
1.60512  0.052873  0.0182441  
1.60385  0.0512244  0.0170561  
1.60385  0.0512244  0.0170561  
1.60327  0.0491168  0.0206733  
1.60327  0.0491168  0.0206733  
1.60327  0.0491168  0.0206733  
1.60388  0.0494534  0.0188873  
1.60388  0.0494534  0.0188873  
1.60476  0.0505479  0.0206388  
1.60476  0.0505479  0.0206388  
1.60476  0.0505479  0.0206388  
1.6043  0.0493559  0.020611  
1.6043  0.0493559  0.020611  
1.60339  0.0493805  0.0199584  
1.60339  0.0493805  0.0199584  
1.60339  0.0493805  0.0199584  
1.60405  0.0508923  0.0191546  
1.60405  0.0508923  0.0191546  
1.60442  0.0507699  0.0189286  
1.60442  0.0507699  0.0189286  
1.60442  0.0507699  0.0189286  
1.60442  0.0507699  0.0189286  
1.6022  0.0487158  0.0182042  
1.60363  0.0499337  0.0185711  
1.60363  0.0499337  0.0185711  
1.60363  0.0499337  0.0185711  
1.60336  0.0499937  0.0190016  
1.60336  0.0499937  0.0190016  
1.60336  0.0499937  0.0190016  
1.6038  0.048864  0.0182288  
1.6038  0.048864  0.0182288  
1.60377  0.0496086  0.0188215  
1.60377  0.0496086  0.0188215  
1.60377  0.0496086  0.0188215  
1.60402  0.0503959  0.0193736  
1.60402  0.0503959  0.0193736  
1.60402  0.0503959  0.0193736  
1.60372  0.0497809  0.0190761  
1.60372  0.0497809  0.0190761  
1.60394  0.0502451  0.0179043  
1.60394  0.0502451  0.0179043  
1.60394  0.0502451  0.0179043  
1.60407  0.0491548  0.018467  
1.60407  0.0491548  0.018467  
1.60407  0.0491548  0.018467  
1.60407  0.0491548  0.018467  
1.60408  0.0504804  0.0173418  
1.60265  0.0490078  0.017396  
1.60265  0.0490078  0.017396  
1.60265  0.0490078  0.017396  
1.604  0.0507367  0.01767  
1.604  0.0507367  0.01767  
1.604  0.0507367  0.01767  
1.60417  0.0508669  0.0179431  
1.60417  0.0508669  0.0179431  
1.60359  0.0496439  0.0161607  
1.60359  0.0496439  0.0161607  
1.60359  0.0496439  0.0161607  
1.60347  0.0496785  0.0157474  
1.60347  0.0496785  0.0157474  
1.60347  0.0496785  0.0157474  
1.60469  0.0507898  0.0169596  
1.60469  0.0507898  0.0169596  
1.60469  0.0507898  0.0169596  
1.60285  0.0483984  0.0174376  
1.60285  0.0483984  0.0174376  
1.60285  0.0483984  0.0174376  
1.60285  0.0483984  0.0174376  
1.60419  0.0509789  0.0165528  
1.60512  0.0515414  0.0171658  
1.60512  0.0515414  0.0171658  
1.60512  0.0515414  0.0171658  
1.60349  0.0498115  0.0172984  
1.60349  0.0498115  0.0172984  
1.60349  0.0498115  0.0172984  
1.6042  0.0510851  0.0189895  
1.6042  0.0510851  0.0189895  
1.60327  0.0491316  0.0192904  
1.60327  0.0491316  0.0192904  
1.60327  0.0491316  0.0192904  
1.60407  0.0496217  0.0168453  
1.60407  0.0496217  0.0168453  
1.6041  0.0507127  0.0169171  
1.6041  0.0507127  0.0169171  
1.6041  0.0507127  0.0169171  
1.60369  0.0506553  0.0169978  
1.60369  0.0506553  0.0169978  
1.60366  0.0508835  0.0163522  
1.60366  0.0508835  0.0163522  
1.60366  0.0508835  0.0163522  
1.60271  0.048368  0.0131017  
1.60271  0.048368  0.0131017  
1.60271  0.048368  0.0131017  
1.60416  0.0503919  0.0172247  
1.60416  0.0503919  0.0172247  
1.60416  0.0503919  0.0172247  
1.6048  0.0508115  0.0168785  
1.6048  0.0508115  0.0168785  
1.60326  0.0494798  0.01481  
1.60326  0.0494798  0.01481  
1.60326  0.0494798  0.01481  
1.60326  0.0495062  0.0165086  
1.60326  0.0495062  0.0165086  
1.60326  0.0495062  0.0165086  
1.60299  0.0492309  0.0153331  
1.60299  0.0492309  0.0153331  
1.60322  0.0498012  0.0159327  
1.60322  0.0498012  0.0159327  
1.60322  0.0498012  0.0159327  
1.60385  0.0501273  0.0161315  
1.60385  0.0501273  0.0161315  
1.60385  0.0501273  0.0161315  
1.60385  0.0501273  0.0161315  
1.60281  0.0487218  0.0139951  
1.60491  0.0519685  0.0157996  
1.60491  0.0519685  0.0157996  
1.60404  0.0499034  0.014377  
1.60404  0.0499034  0.014377  
1.60404  0.0499034  0.014377  
1.6029  0.0489656  0.0144978  
1.6029  0.0489656  0.0144978  
1.6029  0.0489656  0.0144978  
1.60288  0.0479686  0.0154133  
1.60288  0.0479686  0.0154133  
1.60362  0.050127  0.0142761  
1.60362  0.050127  0.0142761  
1.60362  0.050127  0.0142761  
1.6044  0.050459  0.0158558  
1.6044  0.050459  0.0158558  
1.60264  0.0495938  0.0143731  
1.60264  0.0495938  0.0143731  
1.60497  0.051156  0.0147855  
1.60497  0.051156  0.0147855  
1.60497  0.051156  0.0147855  
1.60497  0.0524351  0.017001  
1.60497  0.0524351  0.017001  
1.60497  0.0524351  0.017001  
1.60373  0.050344  0.0139863  
1.60373  0.050344  0.0139863  
1.60487  0.0520787  0.0142232  
1.60487  0.0520787  0.0142232  
1.60487  0.0520787  0.0142232  
1.60487  0.0520787  0.0142232  
1.60487  0.0520787  0.0142232  
1.60487  0.0520787  0.0142232  
1.60487  0.0520787  0.0142232  
1.60487  0.0520787  0.0142232  
1.60487  0.0520787  0.0142232  
1.60487  0.0520787  0.0142232  
1.60487  0.0520787  0.0142232  
1.60487  0.0520787  0.0142232  
1.60487  0.0520787  0.0142232  
1.60487  0.0520787  0.0142232  
1.60487  0.0520787  0.0142232  
1.60487  0.0520787  0.0142232  
1.60487  0.0520787  0.0142232  
1.60328  0.0497658  0.0124058  
1.60328  0.0497658  0.0124058  
1.60328  0.0497658  0.0124058  
1.60315  0.0480567  0.0162299  
1.60315  0.0480567  0.0162299  
1.60315  0.0480567  0.0162299  
1.60315  0.0480567  0.0162299  
1.60315  0.0480567  0.0162299  
1.60349  0.0499492  0.0165319  
1.60349  0.0499492  0.0165319  
1.60487  0.0513323  0.0157313  
1.60487  0.0513323  0.0157313  
1.60487  0.0513323  0.0157313  
1.6033  0.048483  0.0144284  
1.6033  0.048483  0.0144284  
1.6033  0.048483  0.0144284  
1.6033  0.048483  0.0144284  
1.6033  0.0505403  0.0137852  
1.6033  0.0505403  0.0137852  
1.6033  0.0505403  0.0137852  
1.6033  0.0505403  0.0137852  
1.6033  0.0505403  0.0137852  
1.6033  0.0505403  0.0137852  
1.6033  0.0505403  0.0137852  
1.6033  0.0505403  0.0137852  
1.6033  0.0505403  0.0137852  
1.6033  0.0505403  0.0137852  
1.6033  0.0505403  0.0137852  
1.6033  0.0505403  0.0137852  
1.6033  0.0505403  0.0137852  
1.6033  0.0505403  0.0137852  
1.6033  0.0505403  0.0137852  
1.6033  0.0505403  0.0137852  
1.6033  0.0505403  0.0137852  
1.6033  0.0505403  0.0137852  
1.6033  0.0505403  0.0137852  
1.6033  0.0505403  0.0137852  
1.6033  0.0505403  0.0137852  
1.6033  0.0505403  0.0137852  
1.6033  0.0505403  0.0137852  
1.6033  0.0505403  0.0137852  
1.6033  0.0505403  0.0137852  
1.6033  0.0505403  0.0137852  
1.6033  0.0505403  0.0137852  
1.6033  0.0505403  0.0137852  
1.6033  0.0505403  0.0137852  
1.6033  0.0505403  0.0137852  
1.6033  0.0505403  0.0137852  
1.6033  0.0505403  0.0137852  
1.6033  0.0505403  0.0137852  
1.6033  0.0505403  0.0137852  
1.6033  0.0505403  0.0137852  
1.6033  0.0505403  0.0137852  
1.6033  0.0505403  0.0137852  
1.6033  0.0505403  0.0137852  
1.6033  0.0505403  0.0137852  
1.6033  0.0505403  0.0137852  
1.6033  0.0505403  0.0137852  
1.6033  0.0505403  0.0137852  
1.6033  0.0505403  0.0137852  
1.6033  0.0505403  0.0137852  
1.6033  0.0505403  0.0137852  
1.6033  0.0505403  0.0137852  
1.6033  0.0505403  0.0137852  
1.6033  0.0505403  0.0137852  
