1.57004  -0.000591853  -0.000428031  12  
1.57004  -0.000591853  -0.000428031  24  
1.57004  -0.000591853  -0.000428031  35  
1.57004  -0.000591853  -0.000428031  46  
1.57004  -0.000591853  -0.000428031  57  
1.57028  -0.000799566  -0.000262913  68  
1.57028  -0.000799566  -0.000262913  79  
1.57028  -0.000799566  -0.000262913  90  
1.57028  -0.000799566  -0.000262913  101  
1.57028  -0.000799566  -0.000262913  112  
1.57028  -0.000799566  -0.000262913  123  
1.57028  -0.000799566  -0.000262913  134  
1.57028  -0.000799566  -0.000262913  147  
1.5693  -0.00188089  -0.0005034  158  
1.5693  -0.00188089  -0.0005034  170  
1.5693  -0.00188089  -0.0005034  182  
1.5693  -0.00188089  -0.0005034  194  
1.5693  -0.00188089  -0.0005034  207  
1.5693  -0.00188089  -0.0005034  219  
1.5693  -0.00188089  -0.0005034  230  
1.5693  -0.00188089  -0.0005034  242  
1.57002  -0.000841739  0.000782412  254  
1.57002  -0.000841739  0.000782412  266  
1.57002  -0.000841739  0.000782412  278  
1.57002  -0.000841739  0.000782412  290  
1.57002  -0.000841739  0.000782412  301  
1.57002  -0.000841739  0.000782412  313  
1.57002  -0.000841739  0.000782412  324  
1.57002  -0.000841739  0.000782412  335  
1.57223  0.000936526  -0.000645456  347  
1.57223  0.000936526  -0.000645456  359  
1.57223  0.000936526  -0.000645456  371  
1.57223  0.000936526  -0.000645456  383  
1.57223  0.000936526  -0.000645456  395  
1.57223  0.000936526  -0.000645456  407  
1.57223  0.000936526  -0.000645456  419  
1.57223  0.000936526  -0.000645456  432  
1.57223  0.000936526  -0.000645456  444  
1.57223  0.000936526  -0.000645456  456  
1.57223  0.000936526  -0.000645456  468  
1.57072  -0.000760998  0.000606052  481  
1.57072  -0.000760998  0.000606052  492  
1.57072  -0.000760998  0.000606052  503  
1.57072  -0.000760998  0.000606052  515  
1.57072  -0.000760998  0.000606052  526  
1.57072  -0.000760998  0.000606052  537  
1.57072  -0.000760998  0.000606052  548  
1.57072  -0.000760998  0.000606052  560  
1.56973  -0.00181283  -0.00139576  572  
1.56973  -0.00181283  -0.00139576  584  
1.56973  -0.00181283  -0.00139576  596  
1.56973  -0.00181283  -0.00139576  609  
1.56938  -0.00166081  -0.000707575  620  
1.56938  -0.00166081  -0.000707575  633  
1.56938  -0.00166081  -0.000707575  644  
1.56938  -0.00166081  -0.000707575  655  
1.56938  -0.00166081  -0.000707575  666  
1.56938  -0.00166081  -0.000707575  678  
1.56938  -0.00166081  -0.000707575  689  
1.56938  -0.00166081  -0.000707575  701  
1.56938  -0.00166081  -0.000707575  713  
1.56938  -0.00166081  -0.000707575  724  
1.56938  -0.00166081  -0.000707575  736  
1.56938  -0.00166081  -0.000707575  749  
1.57221  0.000989028  -0.000227974  761  
1.57221  0.000989028  -0.000227974  773  
1.57221  0.000989028  -0.000227974  785  
1.57221  0.000989028  -0.000227974  798  
1.57221  0.000989028  -0.000227974  809  
1.57221  0.000989028  -0.000227974  820  
1.57221  0.000989028  -0.000227974  832  
1.56917  -0.00274101  -0.00169126  843  
1.56917  -0.00274101  -0.00169126  854  
1.56917  -0.00274101  -0.00169126  866  
1.56917  -0.00274101  -0.00169126  878  
1.56917  -0.00274101  -0.00169126  890  
1.56917  -0.00274101  -0.00169126  902  
1.56917  -0.00274101  -0.00169126  913  
1.56917  -0.00274101  -0.00169126  925  
1.57156  -0.000195372  -0.000928304  937  
1.57156  -0.000195372  -0.000928304  949  
1.57156  -0.000195372  -0.000928304  961  
1.57156  -0.000195372  -0.000928304  972  
1.57321  0.00270493  -0.00187272  984  
1.57321  0.00270493  -0.00187272  996  
1.57321  0.00270493  -0.00187272  1008  
1.57321  0.00270493  -0.00187272  1019  
1.57321  0.00270493  -0.00187272  1030  
1.57321  0.00270493  -0.00187272  1042  
1.57321  0.00270493  -0.00187272  1053  
1.57321  0.00270493  -0.00187272  1064  
1.57222  0.000134704  -0.00123435  1076  
1.57222  0.000134704  -0.00123435  1087  
1.57222  0.000134704  -0.00123435  1098  
1.57222  0.000134704  -0.00123435  1109  
1.57222  0.000134704  -0.00123435  1120  
1.57222  0.000134704  -0.00123435  1133  
1.57222  0.000134704  -0.00123435  1145  
1.57222  0.000134704  -0.00123435  1157  
1.57246  0.0007814  -0.00183624  1169  
1.57246  0.0007814  -0.00183624  1181  
1.57246  0.0007814  -0.00183624  1194  
1.57246  0.0007814  -0.00183624  1206  
1.57246  0.0007814  -0.00183624  1219  
1.57246  0.0007814  -0.00183624  1231  
1.57246  0.0007814  -0.00183624  1243  
1.57246  0.0007814  -0.00183624  1255  
1.57228  0.00175643  -0.000810724  1267  
1.57228  0.00175643  -0.000810724  1278  
1.57228  0.00175643  -0.000810724  1289  
1.57228  0.00175643  -0.000810724  1301  
1.57228  0.00175643  -0.000810724  1313  
1.57228  0.00175643  -0.000810724  1327  
1.57228  0.00175643  -0.000810724  1339  
1.57293  0.00250424  -0.00189632  1352  
1.57293  0.00250424  -0.00189632  1363  
1.57293  0.00250424  -0.00189632  1375  
1.57293  0.00250424  -0.00189632  1386  
1.57293  0.00250424  -0.00189632  1398  
1.57293  0.00250424  -0.00189632  1411  
1.57293  0.00250424  -0.00189632  1423  
1.57293  0.00250424  -0.00189632  1435  
1.57299  0.00214954  -0.000632963  1447  
1.57299  0.00214954  -0.000632963  1459  
1.57299  0.00214954  -0.000632963  1471  
1.57299  0.00214954  -0.000632963  1483  
1.57299  0.00214954  -0.000632963  1495  
1.57299  0.00214954  -0.000632963  1507  
1.57299  0.00214954  -0.000632963  1519  
1.57299  0.00214954  -0.000632963  1531  
1.57191  0.000976444  -0.000682352  1543  
1.57191  0.000976444  -0.000682352  1555  
1.57191  0.000976444  -0.000682352  1567  
1.57191  0.000976444  -0.000682352  1579  
1.57191  0.000976444  -0.000682352  1591  
1.57191  0.000976444  -0.000682352  1604  
1.57191  0.000976444  -0.000682352  1616  
1.57191  0.000976444  -0.000682352  1628  
1.57286  0.00218545  -0.000584758  1640  
1.57286  0.00218545  -0.000584758  1652  
1.57286  0.00218545  -0.000584758  1664  
1.57286  0.00218545  -0.000584758  1677  
1.57286  0.00218545  -0.000584758  1688  
1.57286  0.00218545  -0.000584758  1699  
1.57286  0.00218545  -0.000584758  1710  
1.57257  0.00181697  -0.000678915  1721  
1.57257  0.00181697  -0.000678915  1732  
1.57257  0.00181697  -0.000678915  1744  
1.57257  0.00181697  -0.000678915  1756  
1.57257  0.00181697  -0.000678915  1768  
1.57257  0.00181697  -0.000678915  1779  
1.57257  0.00181697  -0.000678915  1790  
1.57257  0.00181697  -0.000678915  1803  
1.57257  0.00181697  -0.000678915  1816  
1.57257  0.00181697  -0.000678915  1828  
1.57257  0.00181697  -0.000678915  1839  
1.57257  0.00181697  -0.000678915  1851  
1.57043  -0.000380907  -0.000647235  1863  
1.57043  -0.000380907  -0.000647235  1874  
1.57043  -0.000380907  -0.000647235  1887  
1.57043  -0.000380907  -0.000647235  1900  
1.57221  0.00166546  -0.000416057  1912  
1.57221  0.00166546  -0.000416057  1924  
1.57221  0.00166546  -0.000416057  1936  
1.57221  0.00166546  -0.000416057  1947  
1.57221  0.00166546  -0.000416057  1959  
1.57221  0.00166546  -0.000416057  1971  
1.57221  0.00166546  -0.000416057  1982  
1.57221  0.00166546  -0.000416057  1994  
1.57221  0.00166546  -0.000416057  2005  
1.57221  0.00166546  -0.000416057  2017  
1.57221  0.00166546  -0.000416057  2029  
1.57221  0.00166546  -0.000416057  2040  
1.5981  0.000289431  0.00417434  2051  
1.5981  0.000289431  0.00417434  2064  
1.5981  0.000289431  0.00417434  2076  
1.5981  0.000289431  0.00417434  2088  
1.60849  0.00131081  0.0234142  2100  
1.60849  0.00131081  0.0234142  2111  
1.60849  0.00131081  0.0234142  2123  
1.60849  0.00131081  0.0234142  2135  
1.60849  0.00131081  0.0234142  2146  
1.60849  0.00131081  0.0234142  2157  
1.60849  0.00131081  0.0234142  2169  
1.60849  0.00131081  0.0234142  2181  
1.60849  0.00131081  0.0234142  2192  
1.60849  0.00131081  0.0234142  2204  
1.60849  0.00131081  0.0234142  2216  
1.60849  0.00131081  0.0234142  2228  
1.6149  -0.00572527  0.0565142  2240  
1.6149  -0.00572527  0.0565142  2251  
1.6149  -0.00572527  0.0565142  2263  
1.6149  -0.00572527  0.0565142  2275  
1.6148  -0.00623904  0.0887384  2287  
1.6148  -0.00623904  0.0887384  2299  
1.6148  -0.00623904  0.0887384  2311  
1.6148  -0.00623904  0.0887384  2323  
1.6148  -0.00623904  0.0887384  2334  
1.6148  -0.00623904  0.0887384  2346  
1.6148  -0.00623904  0.0887384  2358  
1.6148  -0.00623904  0.0887384  2370  
1.6148  -0.00623904  0.0887384  2382  
1.6148  -0.00623904  0.0887384  2394  
1.6148  -0.00623904  0.0887384  2407  
1.6148  -0.00623904  0.0887384  2419  
1.61171  -0.00865787  0.127115  2430  
1.61171  -0.00865787  0.127115  2442  
1.61171  -0.00865787  0.127115  2455  
1.61171  -0.00865787  0.127115  2467  
1.61171  -0.00865787  0.127115  2479  
1.61171  -0.00865787  0.127115  2491  
1.61171  -0.00865787  0.127115  2503  
1.59621  -0.0154141  0.16746  2514  
1.59621  -0.0154141  0.16746  2527  
1.59621  -0.0154141  0.16746  2539  
1.59621  -0.0154141  0.16746  2551  
1.59621  -0.0154141  0.16746  2563  
1.59621  -0.0154141  0.16746  2574  
1.59621  -0.0154141  0.16746  2586  
1.59621  -0.0154141  0.16746  2599  
1.58445  -0.0169395  0.210261  2611  
1.58445  -0.0169395  0.210261  2623  
1.58445  -0.0169395  0.210261  2635  
1.58445  -0.0169395  0.210261  2646  
1.58445  -0.0169395  0.210261  2657  
1.58445  -0.0169395  0.210261  2669  
1.58445  -0.0169395  0.210261  2681  
1.58445  -0.0169395  0.210261  2693  
1.57481  -0.0228974  0.247777  2705  
1.57481  -0.0228974  0.247777  2716  
1.57481  -0.0228974  0.247777  2727  
1.57481  -0.0228974  0.247777  2739  
1.57481  -0.0228974  0.247777  2751  
1.57481  -0.0228974  0.247777  2763  
1.57481  -0.0228974  0.247777  2775  
1.57481  -0.0228974  0.247777  2787  
1.55439  -0.021294  0.288787  2799  
1.55439  -0.021294  0.288787  2811  
1.55439  -0.021294  0.288787  2825  
1.55439  -0.021294  0.288787  2836  
1.55439  -0.021294  0.288787  2848  
1.55439  -0.021294  0.288787  2860  
1.55439  -0.021294  0.288787  2872  
1.55439  -0.021294  0.288787  2883  
1.54207  -0.0275843  0.331708  2895  
1.54207  -0.0275843  0.331708  2907  
1.54207  -0.0275843  0.331708  2918  
1.54207  -0.0275843  0.331708  2930  
1.54207  -0.0275843  0.331708  2942  
1.54207  -0.0275843  0.331708  2954  
1.54207  -0.0275843  0.331708  2965  
1.54207  -0.0275843  0.331708  2977  
1.53059  -0.0306553  0.375123  2988  
1.53059  -0.0306553  0.375123  3000  
1.53059  -0.0306553  0.375123  3013  
1.53059  -0.0306553  0.375123  3025  
1.53059  -0.0306553  0.375123  3037  
1.53059  -0.0306553  0.375123  3048  
1.53059  -0.0306553  0.375123  3060  
1.53059  -0.0306553  0.375123  3073  
1.50732  -0.0225402  0.415698  3085  
1.50732  -0.0225402  0.415698  3098  
1.50732  -0.0225402  0.415698  3111  
1.50732  -0.0225402  0.415698  3123  
1.50732  -0.0225402  0.415698  3135  
1.50732  -0.0225402  0.415698  3147  
1.50732  -0.0225402  0.415698  3159  
1.49657  -0.0224881  0.455621  3171  
1.49657  -0.0224881  0.455621  3182  
1.49657  -0.0224881  0.455621  3193  
1.49657  -0.0224881  0.455621  3205  
1.49657  -0.0224881  0.455621  3218  
1.49657  -0.0224881  0.455621  3230  
1.49657  -0.0224881  0.455621  3241  
1.49657  -0.0224881  0.455621  3253  
1.47348  -0.0280492  0.497271  3266  
1.47348  -0.0280492  0.497271  3277  
1.47348  -0.0280492  0.497271  3289  
1.47348  -0.0280492  0.497271  3301  
1.45426  -0.0173047  0.541967  3313  
1.45426  -0.0173047  0.541967  3325  
1.45426  -0.0173047  0.541967  3336  
1.45426  -0.0173047  0.541967  3348  
1.45426  -0.0173047  0.541967  3360  
1.45426  -0.0173047  0.541967  3372  
1.45426  -0.0173047  0.541967  3383  
1.45426  -0.0173047  0.541967  3395  
1.45426  -0.0173047  0.541967  3408  
1.45426  -0.0173047  0.541967  3419  
1.45426  -0.0173047  0.541967  3430  
1.45426  -0.0173047  0.541967  3441  
1.43963  -0.013414  0.585043  3452  
1.43963  -0.013414  0.585043  3464  
1.43963  -0.013414  0.585043  3476  
1.43963  -0.013414  0.585043  3488  
1.43963  -0.013414  0.585043  3500  
1.43963  -0.013414  0.585043  3512  
1.43963  -0.013414  0.585043  3523  
1.43963  -0.013414  0.585043  3536  
1.41674  -0.0158178  0.620125  3547  
1.41674  -0.0158178  0.620125  3559  
1.41674  -0.0158178  0.620125  3571  
1.41674  -0.0158178  0.620125  3582  
1.41674  -0.0158178  0.620125  3594  
1.41674  -0.0158178  0.620125  3605  
1.41674  -0.0158178  0.620125  3617  
1.41674  -0.0158178  0.620125  3628  
1.39482  -0.011839  0.657376  3640  
1.39482  -0.011839  0.657376  3652  
1.39482  -0.011839  0.657376  3665  
1.39482  -0.011839  0.657376  3677  
1.39482  -0.011839  0.657376  3688  
1.39482  -0.011839  0.657376  3701  
1.39482  -0.011839  0.657376  3713  
1.39482  -0.011839  0.657376  3725  
1.37801  -0.00444677  0.704161  3737  
1.37801  -0.00444677  0.704161  3749  
1.37801  -0.00444677  0.704161  3761  
1.37801  -0.00444677  0.704161  3774  
1.37801  -0.00444677  0.704161  3786  
1.37801  -0.00444677  0.704161  3798  
1.37801  -0.00444677  0.704161  3810  
1.37801  -0.00444677  0.704161  3821  
1.35226  -0.00302337  0.738935  3832  
1.35226  -0.00302337  0.738935  3844  
1.35226  -0.00302337  0.738935  3857  
1.35226  -0.00302337  0.738935  3868  
1.35226  -0.00302337  0.738935  3879  
1.35226  -0.00302337  0.738935  3890  
1.35226  -0.00302337  0.738935  3902  
1.35226  -0.00302337  0.738935  3913  
1.32773  0.00750173  0.777918  3924  
1.32773  0.00750173  0.777918  3935  
1.32773  0.00750173  0.777918  3947  
1.32773  0.00750173  0.777918  3960  
1.32773  0.00750173  0.777918  3971  
1.32773  0.00750173  0.777918  3983  
1.32773  0.00750173  0.777918  3995  
1.32773  0.00750173  0.777918  4007  
1.30773  0.0139394  0.817402  4018  
1.30773  0.0139394  0.817402  4029  
1.30773  0.0139394  0.817402  4040  
1.30773  0.0139394  0.817402  4052  
1.30773  0.0139394  0.817402  4064  
1.30773  0.0139394  0.817402  4075  
1.30773  0.0139394  0.817402  4088  
1.28596  0.0266757  0.855546  4100  
1.28596  0.0266757  0.855546  4112  
1.28596  0.0266757  0.855546  4124  
1.28596  0.0266757  0.855546  4136  
1.28596  0.0266757  0.855546  4147  
1.28596  0.0266757  0.855546  4159  
1.28596  0.0266757  0.855546  4171  
1.28596  0.0266757  0.855546  4182  
1.26614  0.0315519  0.896868  4194  
1.26614  0.0315519  0.896868  4207  
1.26614  0.0315519  0.896868  4219  
1.26614  0.0315519  0.896868  4230  
1.26614  0.0315519  0.896868  4241  
1.26614  0.0315519  0.896868  4253  
1.26614  0.0315519  0.896868  4265  
1.26614  0.0315519  0.896868  4279  
1.24637  0.0467823  0.938447  4291  
1.24637  0.0467823  0.938447  4303  
1.24637  0.0467823  0.938447  4314  
1.24637  0.0467823  0.938447  4326  
1.24637  0.0467823  0.938447  4338  
1.24637  0.0467823  0.938447  4350  
1.24637  0.0467823  0.938447  4363  
1.24637  0.0467823  0.938447  4375  
1.22703  0.0593337  0.977403  4386  
1.22703  0.0593337  0.977403  4399  
1.22703  0.0593337  0.977403  4411  
1.22703  0.0593337  0.977403  4423  
1.22703  0.0593337  0.977403  4434  
1.22703  0.0593337  0.977403  4445  
1.22703  0.0593337  0.977403  4456  
1.22703  0.0593337  0.977403  4469  
1.20728  0.0695529  1.01637  4481  
1.20728  0.0695529  1.01637  4492  
1.20728  0.0695529  1.01637  4504  
1.20728  0.0695529  1.01637  4515  
1.20728  0.0695529  1.01637  4527  
1.20728  0.0695529  1.01637  4540  
1.20728  0.0695529  1.01637  4552  
1.20728  0.0695529  1.01637  4564  
1.18651  0.0878297  1.05579  4576  
1.18651  0.0878297  1.05579  4588  
1.18651  0.0878297  1.05579  4600  
1.18651  0.0878297  1.05579  4613  
1.18651  0.0878297  1.05579  4626  
1.18651  0.0878297  1.05579  4637  
1.18651  0.0878297  1.05579  4649  
1.1657  0.102635  1.09621  4662  
1.1657  0.102635  1.09621  4674  
1.1657  0.102635  1.09621  4686  
1.1657  0.102635  1.09621  4698  
1.1657  0.102635  1.09621  4709  
1.1657  0.102635  1.09621  4720  
1.1657  0.102635  1.09621  4732  
1.1657  0.102635  1.09621  4744  
1.14705  0.120202  1.13453  4755  
1.14705  0.120202  1.13453  4767  
1.14705  0.120202  1.13453  4779  
1.14705  0.120202  1.13453  4791  
1.14705  0.120202  1.13453  4803  
1.14705  0.120202  1.13453  4816  
1.14705  0.120202  1.13453  4827  
1.14705  0.120202  1.13453  4838  
1.1291  0.133101  1.17523  4850  
1.1291  0.133101  1.17523  4864  
1.1291  0.133101  1.17523  4876  
1.1291  0.133101  1.17523  4888  
1.1291  0.133101  1.17523  4900  
1.1291  0.133101  1.17523  4912  
1.1291  0.133101  1.17523  4924  
1.1291  0.133101  1.17523  4935  
1.10515  0.153226  1.20778  4946  
1.10515  0.153226  1.20778  4958  
1.10515  0.153226  1.20778  4971  
1.10515  0.153226  1.20778  4983  
1.10515  0.153226  1.20778  4994  
1.10515  0.153226  1.20778  5007  
1.10515  0.153226  1.20778  5018  
1.0872  0.170942  1.24833  5031  
1.0872  0.170942  1.24833  5043  
1.0872  0.170942  1.24833  5055  
1.0872  0.170942  1.24833  5068  
1.0872  0.170942  1.24833  5080  
1.0872  0.170942  1.24833  5092  
1.0872  0.170942  1.24833  5104  
1.0872  0.170942  1.24833  5116  
1.06748  0.18499  1.28609  5127  
1.06748  0.18499  1.28609  5139  
1.06748  0.18499  1.28609  5150  
1.06748  0.18499  1.28609  5162  
1.06748  0.18499  1.28609  5175  
1.06748  0.18499  1.28609  5187  
1.06748  0.18499  1.28609  5198  
1.06748  0.18499  1.28609  5210  
1.04455  0.212466  1.31997  5222  
1.04455  0.212466  1.31997  5234  
1.04455  0.212466  1.31997  5246  
1.04455  0.212466  1.31997  5258  
1.04455  0.212466  1.31997  5270  
1.04455  0.212466  1.31997  5282  
1.04455  0.212466  1.31997  5293  
1.04455  0.212466  1.31997  5305  
1.02788  0.230057  1.35537  5317  
1.02788  0.230057  1.35537  5329  
1.02788  0.230057  1.35537  5341  
1.01353  0.247529  1.39402  5353  
1.01353  0.247529  1.39402  5364  
1.01353  0.247529  1.39402  5376  
1.01353  0.247529  1.39402  5388  
1.01353  0.247529  1.39402  5399  
1.01353  0.247529  1.39402  5411  
1.01353  0.247529  1.39402  5423  
1.01353  0.247529  1.39402  5436  
1.01353  0.247529  1.39402  5448  
1.01353  0.247529  1.39402  5460  
1.01353  0.247529  1.39402  5472  
1.01353  0.247529  1.39402  5484  
0.988809  0.27637  1.42694  5496  
0.988809  0.27637  1.42694  5508  
0.988809  0.27637  1.42694  5520  
0.988809  0.27637  1.42694  5532  
0.988809  0.27637  1.42694  5544  
0.988809  0.27637  1.42694  5556  
0.988809  0.27637  1.42694  5568  
0.988809  0.27637  1.42694  5580  
0.973878  0.298418  1.46293  5591  
0.973878  0.298418  1.46293  5602  
0.973878  0.298418  1.46293  5615  
0.973878  0.298418  1.46293  5626  
0.973878  0.298418  1.46293  5638  
0.973878  0.298418  1.46293  5650  
0.973878  0.298418  1.46293  5662  
0.973878  0.298418  1.46293  5674  
0.961223  0.316956  1.49788  5686  
0.961223  0.316956  1.49788  5697  
0.961223  0.316956  1.49788  5709  
0.961223  0.316956  1.49788  5721  
0.961223  0.316956  1.49788  5733  
0.961223  0.316956  1.49788  5745  
0.961223  0.316956  1.49788  5756  
0.940461  0.346484  1.52963  5768  
0.940461  0.346484  1.52963  5782  
0.940461  0.346484  1.52963  5794  
0.940461  0.346484  1.52963  5806  
0.940461  0.346484  1.52963  5818  
0.940461  0.346484  1.52963  5830  
0.940461  0.346484  1.52963  5842  
0.940461  0.346484  1.52963  5854  
0.927617  0.36946  1.5662  5866  
0.927617  0.36946  1.5662  5878  
0.927617  0.36946  1.5662  5889  
0.927617  0.36946  1.5662  5901  
0.927617  0.36946  1.5662  5913  
0.927617  0.36946  1.5662  5926  
0.927617  0.36946  1.5662  5938  
0.927617  0.36946  1.5662  5950  
0.912275  0.39193  1.60303  5963  
0.912275  0.39193  1.60303  5974  
0.912275  0.39193  1.60303  5985  
0.912275  0.39193  1.60303  5996  
0.912275  0.39193  1.60303  6008  
0.912275  0.39193  1.60303  6019  
0.912275  0.39193  1.60303  6031  
0.912275  0.39193  1.60303  6042  
0.892772  0.416463  1.63378  6055  
0.892772  0.416463  1.63378  6066  
0.892772  0.416463  1.63378  6078  
0.892772  0.416463  1.63378  6089  
0.892772  0.416463  1.63378  6101  
0.892772  0.416463  1.63378  6115  
0.892772  0.416463  1.63378  6127  
0.872486  0.434859  1.66708  6139  
0.872486  0.434859  1.66708  6151  
0.872486  0.434859  1.66708  6164  
0.872486  0.434859  1.66708  6176  
0.872486  0.434859  1.66708  6188  
0.872486  0.434859  1.66708  6200  
0.872486  0.434859  1.66708  6211  
0.872486  0.434859  1.66708  6222  
0.848535  0.465246  1.6952  6234  
0.848535  0.465246  1.6952  6246  
0.848535  0.465246  1.6952  6258  
0.848535  0.465246  1.6952  6270  
0.848535  0.465246  1.6952  6282  
0.848535  0.465246  1.6952  6294  
0.848535  0.465246  1.6952  6306  
0.848535  0.465246  1.6952  6319  
0.830252  0.494766  1.71948  6331  
0.830252  0.494766  1.71948  6343  
0.830252  0.494766  1.71948  6355  
0.830252  0.494766  1.71948  6366  
0.830252  0.494766  1.71948  6378  
0.830252  0.494766  1.71948  6389  
0.830252  0.494766  1.71948  6400  
0.830252  0.494766  1.71948  6412  
0.817262  0.517677  1.75646  6425  
0.817262  0.517677  1.75646  6437  
0.817262  0.517677  1.75646  6450  
0.817262  0.517677  1.75646  6462  
0.817262  0.517677  1.75646  6474  
0.817262  0.517677  1.75646  6485  
0.817262  0.517677  1.75646  6497  
0.817262  0.517677  1.75646  6509  
0.792357  0.551996  1.77996  6522  
0.792357  0.551996  1.77996  6535  
0.792357  0.551996  1.77996  6547  
0.792357  0.551996  1.77996  6559  
0.792357  0.551996  1.77996  6571  
0.792357  0.551996  1.77996  6582  
0.792357  0.551996  1.77996  6594  
0.775398  0.583358  1.80738  6607  
0.775398  0.583358  1.80738  6619  
0.775398  0.583358  1.80738  6631  
0.775398  0.583358  1.80738  6642  
0.775398  0.583358  1.80738  6654  
0.775398  0.583358  1.80738  6665  
0.775398  0.583358  1.80738  6677  
0.775398  0.583358  1.80738  6689  
0.757907  0.611393  1.84607  6700  
0.757907  0.611393  1.84607  6711  
0.757907  0.611393  1.84607  6722  
0.757907  0.611393  1.84607  6734  
0.757907  0.611393  1.84607  6746  
0.757907  0.611393  1.84607  6758  
0.757907  0.611393  1.84607  6769  
0.757907  0.611393  1.84607  6780  
0.731037  0.649261  1.86997  6792  
0.731037  0.649261  1.86997  6804  
0.731037  0.649261  1.86997  6816  
0.731037  0.649261  1.86997  6829  
0.731037  0.649261  1.86997  6840  
0.731037  0.649261  1.86997  6852  
0.731037  0.649261  1.86997  6864  
0.731037  0.649261  1.86997  6875  
0.70566  0.680435  1.90095  6886  
0.70566  0.680435  1.90095  6899  
0.70566  0.680435  1.90095  6911  
0.70566  0.680435  1.90095  6923  
0.70566  0.680435  1.90095  6935  
0.70566  0.680435  1.90095  6947  
0.70566  0.680435  1.90095  6958  
0.684474  0.695771  1.91823  6970  
0.684474  0.695771  1.91823  6981  
0.684474  0.695771  1.91823  6993  
0.684474  0.695771  1.91823  7005  
0.684474  0.695771  1.91823  7017  
0.684474  0.695771  1.91823  7029  
0.684474  0.695771  1.91823  7042  
0.684474  0.695771  1.91823  7054  
0.65277  0.715082  1.92748  7066  
0.65277  0.715082  1.92748  7077  
0.65277  0.715082  1.92748  7089  
0.65277  0.715082  1.92748  7100  
0.65277  0.715082  1.92748  7112  
0.65277  0.715082  1.92748  7125  
0.65277  0.715082  1.92748  7138  
0.65277  0.715082  1.92748  7150  
0.638397  0.724418  1.9365  7161  
0.638397  0.724418  1.9365  7174  
0.638397  0.724418  1.9365  7185  
0.638397  0.724418  1.9365  7198  
0.638397  0.724418  1.9365  7210  
0.638397  0.724418  1.9365  7222  
0.638397  0.724418  1.9365  7234  
0.638397  0.724418  1.9365  7245  
0.630765  0.73071  1.93982  7257  
0.630765  0.73071  1.93982  7269  
0.630765  0.73071  1.93982  7281  
0.630765  0.73071  1.93982  7293  
0.630765  0.73071  1.93982  7306  
0.630765  0.73071  1.93982  7318  
0.630765  0.73071  1.93982  7330  
0.626166  0.732663  1.93946  7342  
0.626166  0.732663  1.93946  7354  
0.626166  0.732663  1.93946  7366  
0.626166  0.732663  1.93946  7379  
0.626166  0.732663  1.93946  7390  
0.626166  0.732663  1.93946  7403  
0.626166  0.732663  1.93946  7415  
0.626166  0.732663  1.93946  7427  
0.634002  0.729356  1.93804  7439  
0.634002  0.729356  1.93804  7450  
0.634002  0.729356  1.93804  7462  
0.634002  0.729356  1.93804  7475  
0.634002  0.729356  1.93804  7486  
0.634002  0.729356  1.93804  7498  
0.634002  0.729356  1.93804  7510  
0.634002  0.729356  1.93804  7522  
0.630333  0.73104  1.93757  7535  
0.630333  0.73104  1.93757  7547  
0.630333  0.73104  1.93757  7560  
0.630333  0.73104  1.93757  7571  
0.630333  0.73104  1.93757  7583  
0.630333  0.73104  1.93757  7596  
0.630333  0.73104  1.93757  7608  
0.630333  0.73104  1.93757  7620  
0.6316  0.73069  1.94005  7632  
0.6316  0.73069  1.94005  7643  
0.6316  0.73069  1.94005  7655  
0.6316  0.73069  1.94005  7666  
0.6316  0.73069  1.94005  7679  
0.6316  0.73069  1.94005  7691  
0.6316  0.73069  1.94005  7702  
0.632239  0.72925  1.939  7714  
0.632239  0.72925  1.939  7726  
0.632239  0.72925  1.939  7737  
0.632239  0.72925  1.939  7750  
0.632239  0.72925  1.939  7762  
0.632239  0.72925  1.939  7773  
0.632239  0.72925  1.939  7785  
0.632239  0.72925  1.939  7797  
0.632808  0.729075  1.93823  7809  
0.632808  0.729075  1.93823  7821  
0.632808  0.729075  1.93823  7833  
0.632808  0.729075  1.93823  7845  
0.632808  0.729075  1.93823  7857  
0.632808  0.729075  1.93823  7869  
0.632808  0.729075  1.93823  7881  
0.632808  0.729075  1.93823  7893  
0.63161  0.729498  1.93828  7906  
0.63161  0.729498  1.93828  7917  
0.63161  0.729498  1.93828  7929  
0.63161  0.729498  1.93828  7943  
0.63222  0.729639  1.93802  7954  
0.63222  0.729639  1.93802  7967  
0.63222  0.729639  1.93802  7979  
0.63222  0.729639  1.93802  7990  
0.63222  0.729639  1.93802  8002  
0.63222  0.729639  1.93802  8014  
0.63222  0.729639  1.93802  8028  
0.63222  0.729639  1.93802  8041  
0.63222  0.729639  1.93802  8052  
0.63222  0.729639  1.93802  8065  
0.63222  0.729639  1.93802  8077  
0.632621  0.729155  1.93826  8088  
0.632621  0.729155  1.93826  8100  
0.632621  0.729155  1.93826  8113  
0.632621  0.729155  1.93826  8125  
0.632621  0.729155  1.93826  8136  
0.632621  0.729155  1.93826  8147  
0.632621  0.729155  1.93826  8159  
0.632621  0.729155  1.93826  8170  
0.632681  0.728994  1.93871  8182  
0.632681  0.728994  1.93871  8194  
0.632681  0.728994  1.93871  8206  
0.632681  0.728994  1.93871  8218  
0.632681  0.728994  1.93871  8230  
0.632681  0.728994  1.93871  8241  
0.632681  0.728994  1.93871  8253  
0.632681  0.728994  1.93871  8265  
0.63333  0.729579  1.93752  8277  
0.63333  0.729579  1.93752  8290  
0.63333  0.729579  1.93752  8302  
0.63333  0.729579  1.93752  8314  
0.63333  0.729579  1.93752  8326  
0.63333  0.729579  1.93752  8339  
0.63333  0.729579  1.93752  8351  
0.632631  0.729441  1.93787  8362  
0.632631  0.729441  1.93787  8374  
0.632631  0.729441  1.93787  8386  
0.632631  0.729441  1.93787  8398  
0.632631  0.729441  1.93787  8409  
0.632631  0.729441  1.93787  8421  
0.632631  0.729441  1.93787  8433  
0.632631  0.729441  1.93787  8445  
0.631345  0.729066  1.93895  8457  
0.631345  0.729066  1.93895  8469  
0.631345  0.729066  1.93895  8480  
0.631345  0.729066  1.93895  8492  
0.631345  0.729066  1.93895  8504  
0.631345  0.729066  1.93895  8515  
0.631345  0.729066  1.93895  8529  
0.631345  0.729066  1.93895  8540  
0.631577  0.730039  1.93936  8552  
0.631577  0.730039  1.93936  8563  
0.631577  0.730039  1.93936  8575  
0.631577  0.730039  1.93936  8587  
0.631577  0.730039  1.93936  8600  
0.631577  0.730039  1.93936  8613  
0.631577  0.730039  1.93936  8625  
0.632599  0.729733  1.94081  8636  
0.632599  0.729733  1.94081  8648  
0.632599  0.729733  1.94081  8660  
0.632599  0.729733  1.94081  8672  
0.632599  0.729733  1.94081  8684  
0.632599  0.729733  1.94081  8696  
0.632599  0.729733  1.94081  8708  
0.632599  0.729733  1.94081  8720  
0.631547  0.730361  1.93874  8733  
0.631547  0.730361  1.93874  8744  
0.631547  0.730361  1.93874  8757  
0.631547  0.730361  1.93874  8770  
0.631547  0.730361  1.93874  8782  
0.631547  0.730361  1.93874  8793  
0.631547  0.730361  1.93874  8804  
0.631547  0.730361  1.93874  8816  
0.632319  0.729469  1.93855  8828  
0.632319  0.729469  1.93855  8840  
0.632319  0.729469  1.93855  8852  
0.632319  0.729469  1.93855  8864  
0.632319  0.729469  1.93855  8876  
0.632319  0.729469  1.93855  8888  
0.632319  0.729469  1.93855  8900  
0.632319  0.729469  1.93855  8911  
0.631905  0.73016  1.93875  8923  
0.631905  0.73016  1.93875  8934  
0.631905  0.73016  1.93875  8947  
0.631905  0.73016  1.93875  8958  
0.631791  0.729731  1.93773  8970  
0.631791  0.729731  1.93773  8983  
0.631791  0.729731  1.93773  8996  
0.631791  0.729731  1.93773  9008  
0.631791  0.729731  1.93773  9020  
0.631791  0.729731  1.93773  9033  
0.631791  0.729731  1.93773  9044  
0.631791  0.729731  1.93773  9056  
0.631791  0.729731  1.93773  9067  
0.631791  0.729731  1.93773  9079  
0.631791  0.729731  1.93773  9091  
0.632117  0.729614  1.9391  9103  
0.632117  0.729614  1.9391  9115  
0.632117  0.729614  1.9391  9126  
0.632117  0.729614  1.9391  9137  
0.632117  0.729614  1.9391  9149  
0.632117  0.729614  1.9391  9161  
0.632117  0.729614  1.9391  9173  
0.632117  0.729614  1.9391  9186  
0.631926  0.730495  1.93806  9198  
0.631926  0.730495  1.93806  9209  
0.631926  0.730495  1.93806  9222  
0.631926  0.730495  1.93806  9234  
0.631926  0.730495  1.93806  9245  
0.631926  0.730495  1.93806  9257  
0.631926  0.730495  1.93806  9268  
0.631926  0.730495  1.93806  9280  
0.631958  0.730593  1.93853  9293  
0.631958  0.730593  1.93853  9305  
0.631958  0.730593  1.93853  9316  
0.631958  0.730593  1.93853  9328  
0.631958  0.730593  1.93853  9340  
0.631958  0.730593  1.93853  9353  
0.631958  0.730593  1.93853  9365  
0.632139  0.73007  1.93926  9377  
0.632139  0.73007  1.93926  9388  
0.632139  0.73007  1.93926  9400  
0.632139  0.73007  1.93926  9411  
0.632139  0.73007  1.93926  9423  
0.632139  0.73007  1.93926  9434  
