-1.56276  1.97858  -2.02463  
-1.56276  1.97858  -2.02463  
-1.56194  1.97872  -2.02663  
-1.56194  1.97872  -2.02663  
-1.56194  1.97872  -2.02663  
-1.56252  1.97877  -2.02486  
-1.56315  1.97964  -2.0265  
-1.56262  1.9788  -2.02699  
-1.56262  1.9788  -2.02699  
-1.56373  1.97986  -2.02613  
-1.56373  1.97986  -2.02613  
-1.56271  1.97872  -2.02375  
-1.56271  1.97872  -2.02375  
-1.56271  1.97872  -2.02375  
-1.56447  1.98019  -2.02635  
-1.56251  1.97847  -2.02398  
-1.56251  1.97847  -2.02398  
-1.56111  1.97806  -2.02395  
-1.56111  1.97806  -2.02395  
-1.56111  1.97806  -2.02395  
-1.56358  1.9801  -2.02667  
-1.56333  1.98017  -2.02609  
-1.56357  1.97988  -2.02532  
-1.56357  1.97988  -2.02532  
-1.56358  1.98032  -2.02472  
-1.56358  1.98032  -2.02472  
-1.56358  1.98032  -2.02472  
-1.56263  1.97989  -2.02584  
-1.56317  1.97969  -2.02467  
-1.56317  1.97969  -2.02467  
-1.56337  1.98049  -2.02428  
-1.56337  1.98049  -2.02428  
-1.56337  1.98049  -2.02428  
-1.56342  1.97945  -2.0258  
-1.56278  1.97873  -2.02599  
-1.56278  1.97873  -2.02599  
-1.56244  1.97918  -2.02565  
-1.56244  1.97918  -2.02565  
-1.56228  1.97918  -2.02525  
-1.56228  1.97918  -2.02525  
-1.5619  1.97975  -2.02485  
-1.5619  1.97975  -2.02485  
-1.56392  1.97988  -2.02606  
-1.56294  1.97849  -2.02505  
-1.56294  1.97849  -2.02505  
-1.5637  1.98136  -2.02525  
-1.5637  1.98136  -2.02525  
-1.56283  1.97897  -2.02528  
-1.56283  1.97897  -2.02528  
-1.56283  1.97897  -2.02528  
-1.56285  1.98003  -2.02723  
-1.56374  1.98013  -2.0242  
-1.56208  1.97879  -2.02726  
-1.56208  1.97879  -2.02726  
-1.56232  1.97921  -2.02673  
-1.56232  1.97921  -2.02673  
-1.56333  1.97962  -2.02483  
-1.56333  1.97962  -2.02483  
-1.56333  1.97962  -2.02483  
-1.56397  1.98037  -2.0239  
-1.56397  1.98037  -2.0239  
-1.56295  1.97919  -2.02588  
-1.563  1.98063  -2.02588  
-1.563  1.98063  -2.02588  
-1.563  1.98063  -2.02588  
-1.56352  1.98014  -2.02722  
-1.56298  1.97889  -2.025  
-1.56298  1.97889  -2.025  
-1.56292  1.97888  -2.02581  
-1.56292  1.97888  -2.02581  
-1.56317  1.97977  -2.02604  
-1.56317  1.97977  -2.02604  
-1.56392  1.97986  -2.02321  
-1.56392  1.97986  -2.02321  
-1.56332  1.98013  -2.02528  
-1.56332  1.98013  -2.02528  
-1.56283  1.97862  -2.02519  
-1.56355  1.97994  -2.02662  
-1.56355  1.97994  -2.02662  
-1.56325  1.97986  -2.02591  
-1.56359  1.98003  -2.02338  
-1.56359  1.98003  -2.02338  
-1.56314  1.9789  -2.02422  
-1.56314  1.9789  -2.02422  
-1.56314  1.9789  -2.02422  
-1.56235  1.97878  -2.02429  
-1.56235  1.97878  -2.02429  
-1.56224  1.97818  -2.02168  
-1.56224  1.97818  -2.02168  
-1.56234  1.97969  -2.02494  
-1.56302  1.98028  -2.02573  
-1.56302  1.98028  -2.02573  
-1.5629  1.97904  -2.02435  
-1.5629  1.97904  -2.02435  
-1.5629  1.97904  -2.02435  
-1.56311  1.97947  -2.02501  
-1.56277  1.97904  -2.02478  
-1.56308  1.98004  -2.02468  
-1.56308  1.98004  -2.02468  
-1.56308  1.98004  -2.02468  
-1.56229  1.97784  -2.02406  
-1.56375  1.98014  -2.02484  
-1.56375  1.98014  -2.02484  
-1.56326  1.98001  -2.0253  
-1.56326  1.98001  -2.0253  
-1.56367  1.98082  -2.02359  
-1.56367  1.98082  -2.02359  
-1.5643  1.98053  -2.02492  
-1.5643  1.98053  -2.02492  
-1.56209  1.97823  -2.0247  
-1.56268  1.97875  -2.02512  
-1.56268  1.97875  -2.02512  
-1.56303  1.97974  -2.02472  
-1.56303  1.97974  -2.02472  
-1.56257  1.97877  -2.02606  
-1.56257  1.97877  -2.02606  
-1.56273  1.97831  -2.02145  
-1.56273  1.97831  -2.02145  
-1.56352  1.97966  -2.02517  
-1.56352  1.97966  -2.02517  
-1.56394  1.9801  -2.02427  
-1.563  1.9797  -2.02209  
-1.563  1.9797  -2.02209  
-1.56334  1.97981  -2.02354  
-1.56334  1.97981  -2.02354  
-1.56313  1.97927  -2.02445  
-1.56313  1.97927  -2.02445  
-1.56396  1.98014  -2.02553  
-1.56252  1.97872  -2.02536  
-1.56252  1.97872  -2.02536  
-1.56252  1.97872  -2.02536  
-1.56334  1.98088  -2.02582  
-1.5645  1.97945  -2.02375  
-1.5645  1.97945  -2.02375  
-1.56266  1.97903  -2.02638  
-1.56266  1.97903  -2.02638  
-1.56406  1.98042  -2.02652  
-1.56424  1.97985  -2.02668  
-1.56424  1.97985  -2.02668  
-1.5637  1.98061  -2.02693  
-1.5637  1.98061  -2.02693  
-1.5637  1.98061  -2.02693  
-1.56402  1.98113  -2.0271  
-1.56402  1.98113  -2.0271  
-1.56306  1.97964  -2.02488  
-1.56306  1.97964  -2.02488  
-1.56362  1.98029  -2.02349  
-1.56287  1.97861  -2.02362  
-1.56287  1.97861  -2.02362  
-1.56302  1.9795  -2.02427  
-1.56302  1.9795  -2.02427  
-1.56351  1.97957  -2.02578  
-1.56351  1.97957  -2.02578  
-1.56331  1.97992  -2.02373  
-1.56383  1.97932  -2.02413  
-1.56383  1.97932  -2.02413  
-1.56329  1.97962  -2.02344  
-1.56329  1.97962  -2.02344  
-1.56282  1.97842  -2.0231  
-1.56282  1.97842  -2.0231  
-1.56282  1.97842  -2.0231  
-1.56304  1.97951  -2.02404  
-1.56258  1.97855  -2.02292  
-1.56258  1.97855  -2.02292  
-1.56426  1.98087  -2.02553  
-1.56426  1.98087  -2.02553  
-1.56388  1.97929  -2.02234  
-1.56388  1.97929  -2.02234  
-1.56337  1.98068  -2.02511  
-1.56323  1.97954  -2.02362  
-1.56323  1.97954  -2.02362  
-1.5637  1.97954  -2.02266  
-1.5637  1.97954  -2.02266  
-1.5637  1.97954  -2.02266  
-1.56393  1.98044  -2.02577  
-1.56332  1.97902  -2.02519  
-1.56332  1.97902  -2.02519  
-1.5642  1.98064  -2.02431  
-1.5642  1.98064  -2.02431  
-1.56317  1.98035  -2.02447  
-1.56289  1.9798  -2.02387  
-1.56289  1.9798  -2.02387  
-1.56289  1.9798  -2.02387  
-1.56432  1.98053  -2.02349  
-1.56432  1.98053  -2.02349  
-1.56429  1.98045  -2.02307  
-1.56429  1.98045  -2.02307  
-1.56312  1.9796  -2.02392  
-1.56201  1.97797  -2.0241  
-1.56201  1.97797  -2.0241  
-1.56336  1.98031  -2.0239  
-1.56336  1.98031  -2.0239  
-1.56188  1.97849  -2.02336  
-1.56188  1.97849  -2.02336  
-1.56298  1.9786  -2.02303  
-1.56251  1.97923  -2.02233  
-1.56251  1.97923  -2.02233  
-1.56232  1.97881  -2.0244  
-1.56232  1.97881  -2.0244  
-1.5622  1.97904  -2.02202  
-1.5622  1.97904  -2.02202  
-1.56351  1.97944  -2.0225  
-1.56351  1.97944  -2.0225  
-1.56294  1.97847  -2.02327  
-1.56294  1.97847  -2.02327  
-1.56212  1.97919  -2.02359  
-1.5613  1.97839  -2.02333  
-1.5613  1.97839  -2.02333  
-1.5613  1.97839  -2.02333  
-1.56308  1.97905  -2.02426  
-1.56362  1.97918  -2.02161  
-1.56362  1.97918  -2.02161  
-1.56306  1.97938  -2.02218  
-1.56306  1.97938  -2.02218  
-1.56277  1.97931  -2.02334  
-1.56366  1.981  -2.02296  
-1.56366  1.981  -2.02296  
-1.56278  1.97973  -2.02443  
-1.56278  1.97973  -2.02443  
-1.56329  1.97946  -2.02442  
-1.56329  1.97946  -2.02442  
-1.56099  1.97861  -2.02406  
-1.56099  1.97861  -2.02406  
-1.5633  1.97948  -2.02451  
-1.56377  1.979  -2.02448  
-1.56377  1.979  -2.02448  
-1.56377  1.979  -2.02448  
-1.56356  1.9796  -2.02598  
4.70999  1.97851  -2.02404  
4.70999  1.97851  -2.02404  
4.68993  1.97771  -2.02205  
4.68993  1.97771  -2.02205  
4.66337  1.97837  -2.02147  
4.66337  1.97837  -2.02147  
4.63475  1.97692  -2.02087  
4.63475  1.97692  -2.02087  
4.59746  1.9765  -2.01847  
4.59746  1.9765  -2.01847  
4.5514  1.97571  -2.01707  
4.5514  1.97571  -2.01707  
4.49556  1.97421  -2.01473  
4.49556  1.97421  -2.01473  
4.43247  1.97323  -2.01102  
4.36472  1.97209  -2.00866  
4.294  1.97041  -2.00821  
4.294  1.97041  -2.00821  
4.21943  1.96932  -2.00341  
4.21943  1.96932  -2.00341  
4.14348  1.96966  -2.00015  
4.14348  1.96966  -2.00015  
4.07053  1.9698  -1.99687  
4.07053  1.9698  -1.99687  
3.99946  1.97108  -1.99527  
3.99946  1.97108  -1.99527  
3.92992  1.97422  -1.99387  
3.92992  1.97422  -1.99387  
3.85958  1.97464  -1.99088  
3.78804  1.9787  -1.98865  
3.78804  1.9787  -1.98865  
3.72042  1.97732  -1.98879  
3.72042  1.97732  -1.98879  
3.65542  1.97799  -1.98739  
3.65542  1.97799  -1.98739  
3.65542  1.97799  -1.98739  
3.59063  1.98004  -1.98741  
3.52747  1.98195  -1.98773  
3.52747  1.98195  -1.98773  
3.4677  1.98429  -1.98753  
3.40696  1.98476  -1.98776  
3.40696  1.98476  -1.98776  
3.34537  1.98559  -1.98709  
3.34537  1.98559  -1.98709  
3.28618  1.98712  -1.98709  
3.28618  1.98712  -1.98709  
3.23265  1.98628  -1.98565  
3.23265  1.98628  -1.98565  
3.18448  1.9875  -1.9823  
3.18448  1.9875  -1.9823  
3.14008  1.98915  -1.98349  
3.14008  1.98915  -1.98349  
3.10248  1.98997  -1.98289  
3.10248  1.98997  -1.98289  
3.06989  1.99147  -1.98087  
3.03876  1.99174  -1.97935  
3.01082  1.99179  -1.9819  
3.01082  1.99179  -1.9819  
3.01082  1.99179  -1.9819  
2.98138  1.99049  -1.98364  
2.95585  1.99371  -1.98007  
2.95585  1.99371  -1.98007  
2.92857  1.99197  -1.98033  
2.92857  1.99197  -1.98033  
2.90157  1.99358  -1.97967  
2.90157  1.99358  -1.97967  
2.87445  1.99448  -1.98048  
2.87445  1.99448  -1.98048  
2.84998  1.99445  -1.98057  
2.83085  1.99585  -1.98135  
2.83085  1.99585  -1.98135  
2.81403  1.99743  -1.98153  
2.81403  1.99743  -1.98153  
2.80012  1.99552  -1.98236  
2.80012  1.99552  -1.98236  
2.78774  1.99597  -1.98197  
2.78774  1.99597  -1.98197  
2.77585  1.9946  -1.97996  
2.76616  1.99441  -1.98036  
2.76616  1.99441  -1.98036  
2.75589  1.993  -1.97951  
2.75589  1.993  -1.97951  
2.74326  1.99513  -1.97843  
2.74326  1.99513  -1.97843  
2.72811  1.99453  -1.97969  
2.72811  1.99453  -1.97969  
2.71304  1.99483  -1.97917  
2.69991  1.9953  -1.9794  
2.69991  1.9953  -1.9794  
2.68097  1.994  -1.98049  
2.68097  1.994  -1.98049  
2.65905  1.99594  -1.9796  
2.65905  1.99594  -1.9796  
2.63506  1.99769  -1.97864  
2.63506  1.99769  -1.97864  
2.63506  1.99769  -1.97864  
2.60957  1.99691  -1.97806  
2.57708  1.99028  -1.98039  
2.57708  1.99028  -1.98039  
2.53765  1.97181  -1.96649  
2.53765  1.97181  -1.96649  
2.50514  1.93882  -1.94123  
2.50514  1.93882  -1.94123  
2.48978  1.9016  -1.91483  
2.48256  1.85971  -1.8845  
2.48256  1.85971  -1.8845  
2.48256  1.85971  -1.8845  
2.48183  1.82068  -1.84674  
2.48452  1.77675  -1.81813  
2.48452  1.77675  -1.81813  
2.48601  1.73513  -1.78395  
2.48601  1.73513  -1.78395  
2.44876  1.73927  -1.77508  
2.45178  1.69615  -1.74476  
2.45178  1.69615  -1.74476  
2.45178  1.69615  -1.74476  
2.45074  1.65735  -1.71268  
2.45074  1.65735  -1.71268  
2.45727  1.62019  -1.68525  
2.45727  1.62019  -1.68525  
2.45571  1.58498  -1.65079  
2.45571  1.58498  -1.65079  
2.45571  1.58498  -1.65079  
2.47042  1.50149  -1.59657  
2.47042  1.50149  -1.59657  
2.4765  1.4609  -1.55657  
2.4765  1.4609  -1.55657  
2.4765  1.4609  -1.55657  
2.4824  1.41875  -1.53307  
2.47871  1.37177  -1.50363  
2.47871  1.37177  -1.50363  
2.47876  1.32837  -1.46665  
2.47876  1.32837  -1.46665  
2.47965  1.27901  -1.43129  
2.47965  1.27901  -1.43129  
2.47712  1.23872  -1.40012  
2.47712  1.23872  -1.40012  
2.47889  1.19971  -1.37545  
2.47401  1.15735  -1.34355  
2.47401  1.15735  -1.34355  
2.47145  1.11538  -1.31139  
2.47145  1.11538  -1.31139  
2.4697  1.07936  -1.28825  
2.4697  1.07936  -1.28825  
2.46922  1.03951  -1.24998  
2.46922  1.03951  -1.24998  
2.47083  0.996982  -1.22492  
2.47083  0.996982  -1.22492  
2.46807  0.960975  -1.19536  
2.46953  0.920777  -1.17401  
2.46953  0.920777  -1.17401  
2.4669  0.883755  -1.14135  
2.4669  0.883755  -1.14135  
2.46773  0.847765  -1.12227  
2.46773  0.847765  -1.12227  
2.46175  0.813137  -1.09015  
2.46518  0.77527  -1.065  
2.46518  0.77527  -1.065  
2.46518  0.77527  -1.065  
2.45917  0.738453  -1.04199  
2.45677  0.708312  -1.01181  
2.45129  0.67306  -0.99421  
2.45129  0.67306  -0.99421  
2.45129  0.67306  -0.99421  
2.44274  0.638245  -0.965487  
2.4323  0.605007  -0.941667  
2.4323  0.605007  -0.941667  
2.42376  0.573514  -0.910597  
2.42376  0.573514  -0.910597  
2.41432  0.53941  -0.883737  
2.41432  0.53941  -0.883737  
2.40518  0.507164  -0.853801  
2.40518  0.507164  -0.853801  
2.39522  0.478093  -0.828489  
2.39058  0.452052  -0.798514  
2.39058  0.452052  -0.798514  
2.38365  0.428123  -0.779205  
2.38365  0.428123  -0.779205  
2.38365  0.428123  -0.779205  
2.38365  0.428123  -0.779205  
2.37885  0.408945  -0.754332  
2.37885  0.408945  -0.754332  
2.37716  0.382758  -0.733239  
2.37716  0.382758  -0.733239  
2.37275  0.361507  -0.708364  
2.37275  0.361507  -0.708364  
2.35955  0.340768  -0.691894  
2.34735  0.3224  -0.669284  
2.34735  0.3224  -0.669284  
2.33666  0.302119  -0.653198  
2.32873  0.286898  -0.630814  
2.32873  0.286898  -0.630814  
2.32873  0.286898  -0.630814  
2.32873  0.286898  -0.630814  
2.32873  0.286898  -0.630814  
2.30865  0.241515  -0.584016  
2.30865  0.241515  -0.584016  
2.30371  0.226013  -0.565636  
2.30371  0.226013  -0.565636  
2.29956  0.212262  -0.553633  
2.29956  0.212262  -0.553633  
2.29156  0.198918  -0.53483  
2.28583  0.186347  -0.520648  
2.28583  0.186347  -0.520648  
2.2792  0.173892  -0.507195  
2.2792  0.173892  -0.507195  
2.27093  0.159527  -0.4939  
2.27093  0.159527  -0.4939  
2.26174  0.148687  -0.479035  
2.2537  0.139088  -0.465391  
2.2537  0.139088  -0.465391  
2.2537  0.139088  -0.465391  
2.24617  0.127477  -0.454001  
2.24617  0.127477  -0.454001  
2.23698  0.116731  -0.441046  
2.23698  0.116731  -0.441046  
2.23002  0.1068  -0.426852  
2.22547  0.0978312  -0.41289  
2.22183  0.0883696  -0.399706  
2.22183  0.0883696  -0.399706  
2.22183  0.0883696  -0.399706  
2.21528  0.0757181  -0.386974  
2.20716  0.0676356  -0.375042  
2.20716  0.0676356  -0.375042  
2.20013  0.0594881  -0.360731  
2.20013  0.0594881  -0.360731  
2.19325  0.0495409  -0.348577  
2.19325  0.0495409  -0.348577  
2.18596  0.0413168  -0.335596  
2.17991  0.0322562  -0.323488  
2.17991  0.0322562  -0.323488  
2.17991  0.0322562  -0.323488  
2.17409  0.0242736  -0.310898  
2.17409  0.0242736  -0.310898  
2.16787  0.0170446  -0.300236  
2.15958  0.00999674  -0.289613  
2.15958  0.00999674  -0.289613  
2.1476  0.00120275  -0.279353  
2.13397  -0.00385101  -0.269829  
2.13397  -0.00385101  -0.269829  
2.11994  -0.0116108  -0.261006  
2.11994  -0.0116108  -0.261006  
2.10564  -0.0183392  -0.24954  
2.10564  -0.0183392  -0.24954  
2.09252  -0.0248562  -0.240019  
2.08098  -0.0307492  -0.231077  
2.06862  -0.0355874  -0.220913  
2.06862  -0.0355874  -0.220913  
2.06862  -0.0355874  -0.220913  
2.05618  -0.0412954  -0.20994  
2.05618  -0.0412954  -0.20994  
2.04325  -0.0489032  -0.199811  
2.0316  -0.0513429  -0.190586  
2.0316  -0.0513429  -0.190586  
2.02068  -0.0555465  -0.180444  
2.02068  -0.0555465  -0.180444  
2.01034  -0.0607954  -0.170802  
2.01034  -0.0607954  -0.170802  
1.99927  -0.0648686  -0.161498  
1.98621  -0.0701573  -0.151583  
1.98621  -0.0701573  -0.151583  
1.98621  -0.0701573  -0.151583  
1.97091  -0.0737139  -0.143329  
1.95703  -0.0781703  -0.134893  
1.95703  -0.0781703  -0.134893  
1.94461  -0.079175  -0.125945  
1.94461  -0.079175  -0.125945  
1.93161  -0.082901  -0.116238  
1.93161  -0.082901  -0.116238  
1.90506  -0.0814156  -0.110225  
1.90506  -0.0814156  -0.110225  
1.90506  -0.0814156  -0.110225  
1.87222  -0.0823466  -0.109628  
1.83212  -0.0839061  -0.106701  
1.83212  -0.0839061  -0.106701  
1.79477  -0.0833205  -0.102863  
1.75697  -0.0831101  -0.0956042  
1.75697  -0.0831101  -0.0956042  
1.72025  -0.0851425  -0.0948464  
1.72025  -0.0851425  -0.0948464  
1.67908  -0.086109  -0.0894211  
1.67908  -0.086109  -0.0894211  
1.63661  -0.0856625  -0.0856246  
1.59017  -0.0849002  -0.0827494  
1.59017  -0.0849002  -0.0827494  
1.59017  -0.0849002  -0.0827494  
1.54462  -0.0866472  -0.0792548  
1.50015  -0.0829907  -0.0770571  
1.50015  -0.0829907  -0.0770571  
1.50015  -0.0829907  -0.0770571  
1.45367  -0.0823855  -0.0758096  
1.45367  -0.0823855  -0.0758096  
1.40934  -0.0815039  -0.073957  
1.40934  -0.0815039  -0.073957  
1.36718  -0.081888  -0.0718099  
1.32821  -0.0805934  -0.0695784  
1.32821  -0.0805934  -0.0695784  
1.2931  -0.0805125  -0.0681312  
1.2931  -0.0805125  -0.0681312  
1.26147  -0.0815763  -0.0676412  
1.23412  -0.082037  -0.0659021  
1.20962  -0.0783896  -0.0659815  
1.20962  -0.0783896  -0.0659815  
1.20962  -0.0783896  -0.0659815  
1.18394  -0.0799966  -0.0634248  
1.16293  -0.0788501  -0.0634018  
1.16293  -0.0788501  -0.0634018  
1.13955  -0.0389858  -0.00748938  
1.1272  -0.0298277  0.0105409  
1.1272  -0.0298277  0.0105409  
1.1272  -0.0298277  0.0105409  
1.1272  -0.0298277  0.0105409  
1.1272  -0.0298277  0.0105409  
1.10058  -0.0238081  0.0248854  
1.06623  -0.0216625  0.027137  
1.06623  -0.0216625  0.027137  
1.06623  -0.0216625  0.027137  
1.0315  -0.0209845  0.0274388  
1.0315  -0.0209845  0.0274388  
1.0315  -0.0209845  0.0274388  
1.0315  -0.0209845  0.0274388  
1.0315  -0.0209845  0.0274388  
0.967357  -0.0188633  0.0301191  
0.967357  -0.0188633  0.0301191  
0.899468  -0.0182376  0.0302021  
0.862318  -0.017123  0.0306847  
0.862318  -0.017123  0.0306847  
0.862318  -0.017123  0.0306847  
0.862318  -0.017123  0.0306847  
0.789018  -0.0159673  0.0312609  
0.789018  -0.0159673  0.0312609  
0.754494  -0.0174468  0.0302929  
0.754494  -0.0174468  0.0302929  
0.718018  -0.0174579  0.0299937  
0.718018  -0.0174579  0.0299937  
0.680411  -0.0159533  0.0317276  
0.642246  -0.017334  0.0301147  
0.602658  -0.016405  0.029898  
0.602658  -0.016405  0.029898  
0.602658  -0.016405  0.029898  
0.561568  -0.0169879  0.0283859  
0.522861  -0.0148924  0.0292321  
0.483467  -0.0173214  0.0286688  
0.483467  -0.0173214  0.0286688  
0.483467  -0.0173214  0.0286688  
0.483467  -0.0173214  0.0286688  
0.483467  -0.0173214  0.0286688  
0.402944  -0.0158485  0.0290898  
0.362372  -0.015867  0.0296199  
0.362372  -0.015867  0.0296199  
0.321385  -0.0178514  0.0282306  
0.273519  -0.0166831  0.0265119  
0.273519  -0.0166831  0.0265119  
0.273519  -0.0166831  0.0265119  
0.219619  -0.0181371  0.025596  
0.16532  -0.0205745  0.0235143  
0.11387  -0.0220042  0.0226853  
0.11387  -0.0220042  0.0226853  
0.11387  -0.0220042  0.0226853  
0.0669019  -0.0246637  0.0220948  
0.0265294  -0.0276189  0.022253  
0.0265294  -0.0276189  0.022253  
0.0265294  -0.0276189  0.022253  
-0.00902796  -0.0282239  0.0231713  

