   2.831 -0.7969  -1.563     -2.376     -2.345  0.6828 -0.6828       1
   2.831 -0.7969  -1.563     -2.376     -2.345  0.6828 -0.6828       1
   2.832 -0.7974  -1.562     -2.377     -2.344  0.6832 -0.6832       1
   2.832 -0.7974  -1.562     -2.377     -2.344  0.6832 -0.6832       1
   2.832 -0.7974  -1.562     -2.377     -2.344  0.6832 -0.6832       1
   2.831 -0.7969  -1.563     -2.376     -2.345  0.6829 -0.6829       1
   2.833 -0.7971  -1.563     -2.376     -2.344  0.6828 -0.6828       1
   2.833 -0.7974  -1.563     -2.376     -2.344   0.683  -0.683       1
   2.833 -0.7974  -1.563     -2.376     -2.344   0.683  -0.683       1
   2.833 -0.7969  -1.564     -2.375     -2.345  0.6826 -0.6826       1
   2.833 -0.7969  -1.564     -2.375     -2.345  0.6826 -0.6826       1
    2.83 -0.7966  -1.563     -2.376     -2.345  0.6828 -0.6828       1
    2.83 -0.7966  -1.563     -2.376     -2.345  0.6828 -0.6828       1
    2.83 -0.7966  -1.563     -2.376     -2.345  0.6828 -0.6828       1
   2.833 -0.7969  -1.564     -2.374     -2.345  0.6823 -0.6823       1
    2.83 -0.7968  -1.563     -2.376     -2.345  0.6829 -0.6829       1
    2.83 -0.7968  -1.563     -2.376     -2.345  0.6829 -0.6829       1
    2.83 -0.7969  -1.561     -2.377     -2.345  0.6833 -0.6833       1
    2.83 -0.7969  -1.561     -2.377     -2.345  0.6833 -0.6833       1
    2.83 -0.7969  -1.561     -2.377     -2.345  0.6833 -0.6833       1
   2.833  -0.797  -1.564     -2.375     -2.345  0.6826 -0.6826       1
   2.833 -0.7969  -1.563     -2.375     -2.345  0.6826 -0.6826       1
   2.832 -0.7967  -1.564     -2.375     -2.345  0.6825 -0.6825       1
   2.832 -0.7967  -1.564     -2.375     -2.345  0.6825 -0.6825       1
   2.832 -0.7965  -1.564     -2.374     -2.345  0.6825 -0.6825       1
   2.832 -0.7965  -1.564     -2.374     -2.345  0.6825 -0.6825       1
   2.832 -0.7965  -1.564     -2.374     -2.345  0.6825 -0.6825       1
   2.833 -0.7969  -1.563     -2.376     -2.345  0.6828 -0.6828       1
   2.832 -0.7966  -1.563     -2.375     -2.345  0.6826 -0.6826       1
   2.832 -0.7966  -1.563     -2.375     -2.345  0.6826 -0.6826       1
   2.832 -0.7963  -1.563     -2.375     -2.345  0.6825 -0.6825       1
   2.832 -0.7963  -1.563     -2.375     -2.345  0.6825 -0.6825       1
   2.832 -0.7963  -1.563     -2.375     -2.345  0.6825 -0.6825       1
   2.832  -0.797  -1.563     -2.375     -2.345  0.6827 -0.6827       1
   2.832 -0.7972  -1.563     -2.376     -2.344  0.6829 -0.6829       1
   2.832 -0.7972  -1.563     -2.376     -2.344  0.6829 -0.6829       1
   2.832  -0.797  -1.562     -2.376     -2.345  0.6829 -0.6829       1
   2.832  -0.797  -1.562     -2.376     -2.345  0.6829 -0.6829       1
   2.832 -0.7969  -1.562     -2.376     -2.345   0.683  -0.683       1
   2.832 -0.7969  -1.562     -2.376     -2.345   0.683  -0.683       1
   2.832 -0.7967  -1.562     -2.376     -2.345   0.683  -0.683       1
   2.832 -0.7967  -1.562     -2.376     -2.345   0.683  -0.683       1
   2.833 -0.7969  -1.564     -2.375     -2.345  0.6825 -0.6825       1
   2.831  -0.797  -1.563     -2.376     -2.345  0.6828 -0.6828       1
   2.831  -0.797  -1.563     -2.376     -2.345  0.6828 -0.6828       1
   2.833 -0.7964  -1.564     -2.374     -2.345  0.6824 -0.6824       1
   2.833 -0.7964  -1.564     -2.374     -2.345  0.6824 -0.6824       1
   2.832  -0.797  -1.563     -2.376     -2.345  0.6828 -0.6828       1
   2.832  -0.797  -1.563     -2.376     -2.345  0.6828 -0.6828       1
   2.832  -0.797  -1.563     -2.376     -2.345  0.6828 -0.6828       1
   2.834 -0.7972  -1.563     -2.376     -2.344  0.6829 -0.6829       1
   2.832 -0.7964  -1.564     -2.374     -2.345  0.6824 -0.6824       1
   2.833 -0.7975  -1.562     -2.377     -2.344  0.6832 -0.6832       1
   2.833 -0.7975  -1.562     -2.377     -2.344  0.6832 -0.6832       1
   2.833 -0.7973  -1.562     -2.377     -2.344  0.6831 -0.6831       1
   2.833 -0.7973  -1.562     -2.377     -2.344  0.6831 -0.6831       1
   2.832 -0.7967  -1.563     -2.375     -2.345  0.6826 -0.6826       1
   2.832 -0.7967  -1.563     -2.375     -2.345  0.6826 -0.6826       1
   2.832 -0.7967  -1.563     -2.375     -2.345  0.6826 -0.6826       1
   2.832 -0.7963  -1.564     -2.374     -2.345  0.6823 -0.6823       1
   2.832 -0.7963  -1.564     -2.374     -2.345  0.6823 -0.6823       1
   2.832 -0.7971  -1.563     -2.376     -2.345  0.6828 -0.6828       1
   2.833 -0.7967  -1.563     -2.375     -2.345  0.6827 -0.6827       1
   2.833 -0.7967  -1.563     -2.375     -2.345  0.6827 -0.6827       1
   2.833 -0.7967  -1.563     -2.375     -2.345  0.6827 -0.6827       1
   2.834 -0.7971  -1.564     -2.375     -2.344  0.6827 -0.6827       1
   2.831 -0.7969  -1.563     -2.376     -2.345  0.6828 -0.6828       1
   2.831 -0.7969  -1.563     -2.376     -2.345  0.6828 -0.6828       1
   2.832 -0.7971  -1.563     -2.376     -2.344  0.6828 -0.6828       1
   2.832 -0.7971  -1.563     -2.376     -2.344  0.6828 -0.6828       1
   2.833 -0.7969  -1.563     -2.375     -2.345  0.6827 -0.6827       1
   2.833 -0.7969  -1.563     -2.375     -2.345  0.6827 -0.6827       1
   2.831 -0.7962  -1.564     -2.374     -2.345  0.6823 -0.6823       1
   2.831 -0.7962  -1.564     -2.374     -2.345  0.6823 -0.6823       1
   2.832 -0.7967  -1.563     -2.375     -2.345  0.6826 -0.6826       1
   2.832 -0.7967  -1.563     -2.375     -2.345  0.6826 -0.6826       1
   2.831  -0.797  -1.563     -2.376     -2.345  0.6828 -0.6828       1
   2.833  -0.797  -1.564     -2.375     -2.345  0.6826 -0.6826       1
   2.833  -0.797  -1.564     -2.375     -2.345  0.6826 -0.6826       1
   2.833 -0.7969  -1.563     -2.375     -2.345  0.6827 -0.6827       1
   2.831 -0.7962  -1.564     -2.374     -2.345  0.6824 -0.6824       1
   2.831 -0.7962  -1.564     -2.374     -2.345  0.6824 -0.6824       1
   2.831 -0.7967  -1.563     -2.375     -2.345  0.6827 -0.6827       1
   2.831 -0.7967  -1.563     -2.375     -2.345  0.6827 -0.6827       1
   2.831 -0.7967  -1.563     -2.375     -2.345  0.6827 -0.6827       1
   2.831 -0.7968  -1.562     -2.376     -2.345  0.6829 -0.6829       1
   2.831 -0.7968  -1.562     -2.376     -2.345  0.6829 -0.6829       1
   2.828 -0.7963  -1.562     -2.376     -2.345  0.6828 -0.6828       1
   2.828 -0.7963  -1.562     -2.376     -2.345  0.6828 -0.6828       1
   2.832 -0.7967  -1.562     -2.376     -2.345  0.6829 -0.6829       1
   2.833 -0.7967  -1.563     -2.375     -2.345  0.6827 -0.6827       1
   2.833 -0.7967  -1.563     -2.375     -2.345  0.6827 -0.6827       1
   2.831 -0.7967  -1.563     -2.375     -2.345  0.6827 -0.6827       1
   2.831 -0.7967  -1.563     -2.375     -2.345  0.6827 -0.6827       1
   2.831 -0.7967  -1.563     -2.375     -2.345  0.6827 -0.6827       1
   2.832 -0.7968  -1.563     -2.375     -2.345  0.6827 -0.6827       1
   2.831 -0.7968  -1.563     -2.376     -2.345  0.6828 -0.6828       1
   2.832 -0.7965  -1.563     -2.375     -2.345  0.6826 -0.6826       1
   2.832 -0.7965  -1.563     -2.375     -2.345  0.6826 -0.6826       1
   2.832 -0.7965  -1.563     -2.375     -2.345  0.6826 -0.6826       1
    2.83 -0.7969  -1.562     -2.376     -2.345   0.683  -0.683       1
   2.832 -0.7966  -1.564     -2.374     -2.345  0.6824 -0.6824       1
   2.832 -0.7966  -1.564     -2.374     -2.345  0.6824 -0.6824       1
   2.832 -0.7967  -1.563     -2.375     -2.345  0.6826 -0.6826       1
   2.832 -0.7967  -1.563     -2.375     -2.345  0.6826 -0.6826       1
   2.832 -0.7961  -1.564     -2.374     -2.346  0.6823 -0.6823       1
   2.832 -0.7961  -1.564     -2.374     -2.346  0.6823 -0.6823       1
   2.832 -0.7965  -1.564     -2.374     -2.345  0.6823 -0.6823       1
   2.832 -0.7965  -1.564     -2.374     -2.345  0.6823 -0.6823       1
   2.831  -0.797  -1.562     -2.377     -2.345   0.683  -0.683       1
   2.831  -0.797  -1.563     -2.376     -2.345  0.6829 -0.6829       1
   2.831  -0.797  -1.563     -2.376     -2.345  0.6829 -0.6829       1
   2.832 -0.7966  -1.563     -2.375     -2.345  0.6827 -0.6827       1
   2.832 -0.7966  -1.563     -2.375     -2.345  0.6827 -0.6827       1
   2.832 -0.7972  -1.563     -2.376     -2.344   0.683  -0.683       1
   2.832 -0.7972  -1.563     -2.376     -2.344   0.683  -0.683       1
   2.828 -0.7962  -1.563     -2.375     -2.345  0.6826 -0.6826       1
   2.828 -0.7962  -1.563     -2.375     -2.345  0.6826 -0.6826       1
   2.832 -0.7968  -1.564     -2.375     -2.345  0.6826 -0.6826       1
   2.832 -0.7968  -1.564     -2.375     -2.345  0.6826 -0.6826       1
   2.832 -0.7964  -1.564     -2.374     -2.345  0.6823 -0.6823       1
    2.83  -0.796  -1.563     -2.375     -2.346  0.6825 -0.6825       1
    2.83  -0.796  -1.563     -2.375     -2.346  0.6825 -0.6825       1
   2.831 -0.7963  -1.563     -2.375     -2.345  0.6825 -0.6825       1
   2.831 -0.7963  -1.563     -2.375     -2.345  0.6825 -0.6825       1
   2.831 -0.7967  -1.563     -2.375     -2.345  0.6827 -0.6827       1
   2.831 -0.7967  -1.563     -2.375     -2.345  0.6827 -0.6827       1
   2.833 -0.7967  -1.564     -2.374     -2.345  0.6824 -0.6824       1
   2.832  -0.797  -1.563     -2.376     -2.345  0.6829 -0.6829       1
   2.832  -0.797  -1.563     -2.376     -2.345  0.6829 -0.6829       1
   2.832  -0.797  -1.563     -2.376     -2.345  0.6829 -0.6829       1
   2.833 -0.7966  -1.563     -2.375     -2.345  0.6826 -0.6826       1
   2.831 -0.7965  -1.564     -2.374     -2.345  0.6822 -0.6822       1
   2.831 -0.7965  -1.564     -2.374     -2.345  0.6822 -0.6822       1
   2.832 -0.7972  -1.563     -2.376     -2.344  0.6829 -0.6829       1
   2.832 -0.7972  -1.563     -2.376     -2.344  0.6829 -0.6829       1
   2.834 -0.7969  -1.564     -2.374     -2.345  0.6824 -0.6824       1
   2.833 -0.7971  -1.564     -2.374     -2.345  0.6824 -0.6824       1
   2.833 -0.7971  -1.564     -2.374     -2.345  0.6824 -0.6824       1
   2.834  -0.797  -1.564     -2.375     -2.345  0.6826 -0.6826       1
   2.834  -0.797  -1.564     -2.375     -2.345  0.6826 -0.6826       1
   2.834  -0.797  -1.564     -2.375     -2.345  0.6826 -0.6826       1
   2.834 -0.7969  -1.564     -2.374     -2.345  0.6824 -0.6824       1
   2.834 -0.7969  -1.564     -2.374     -2.345  0.6824 -0.6824       1
   2.832 -0.7967  -1.563     -2.375     -2.345  0.6827 -0.6827       1
   2.832 -0.7967  -1.563     -2.375     -2.345  0.6827 -0.6827       1
   2.831 -0.7962  -1.564     -2.374     -2.345  0.6824 -0.6824       1
    2.83 -0.7966  -1.563     -2.375     -2.345  0.6827 -0.6827       1
    2.83 -0.7966  -1.563     -2.375     -2.345  0.6827 -0.6827       1
   2.831 -0.7966  -1.563     -2.375     -2.345  0.6827 -0.6827       1
   2.831 -0.7966  -1.563     -2.375     -2.345  0.6827 -0.6827       1
   2.832 -0.7969  -1.564     -2.375     -2.345  0.6826 -0.6826       1
   2.832 -0.7969  -1.564     -2.375     -2.345  0.6826 -0.6826       1
   2.831 -0.7963  -1.563     -2.375     -2.345  0.6825 -0.6825       1
   2.831 -0.7966  -1.564     -2.374     -2.345  0.6824 -0.6824       1
   2.831 -0.7966  -1.564     -2.374     -2.345  0.6824 -0.6824       1
   2.831 -0.7963  -1.563     -2.375     -2.345  0.6825 -0.6825       1
   2.831 -0.7963  -1.563     -2.375     -2.345  0.6825 -0.6825       1
    2.83 -0.7966  -1.563     -2.375     -2.345  0.6827 -0.6827       1
    2.83 -0.7966  -1.563     -2.375     -2.345  0.6827 -0.6827       1
    2.83 -0.7966  -1.563     -2.375     -2.345  0.6827 -0.6827       1
   2.831 -0.7965  -1.563     -2.375     -2.345  0.6826 -0.6826       1
    2.83 -0.7965  -1.563     -2.375     -2.345  0.6828 -0.6828       1
    2.83 -0.7965  -1.563     -2.375     -2.345  0.6828 -0.6828       1
   2.833 -0.7965  -1.564     -2.374     -2.345  0.6823 -0.6823       1
   2.833 -0.7965  -1.564     -2.374     -2.345  0.6823 -0.6823       1
    2.83 -0.7962  -1.564     -2.374     -2.345  0.6823 -0.6823       1
    2.83 -0.7962  -1.564     -2.374     -2.345  0.6823 -0.6823       1
   2.833 -0.7965  -1.563     -2.375     -2.345  0.6825 -0.6825       1
   2.831 -0.7964  -1.563     -2.375     -2.345  0.6825 -0.6825       1
   2.831 -0.7964  -1.563     -2.375     -2.345  0.6825 -0.6825       1
    2.83 -0.7962  -1.564     -2.374     -2.345  0.6823 -0.6823       1
    2.83 -0.7962  -1.564     -2.374     -2.345  0.6823 -0.6823       1
    2.83 -0.7962  -1.564     -2.374     -2.345  0.6823 -0.6823       1
   2.833 -0.7967  -1.564     -2.374     -2.345  0.6824 -0.6824       1
   2.832 -0.7969  -1.563     -2.375     -2.345  0.6827 -0.6827       1
   2.832 -0.7969  -1.563     -2.375     -2.345  0.6827 -0.6827       1
   2.832 -0.7963  -1.564     -2.374     -2.345  0.6822 -0.6822       1
   2.832 -0.7963  -1.564     -2.374     -2.345  0.6822 -0.6822       1
   2.832 -0.7964  -1.563     -2.375     -2.345  0.6826 -0.6826       1
   2.831 -0.7964  -1.563     -2.375     -2.345  0.6826 -0.6826       1
   2.831 -0.7964  -1.563     -2.375     -2.345  0.6826 -0.6826       1
   2.831 -0.7964  -1.563     -2.375     -2.345  0.6826 -0.6826       1
   2.831 -0.7961  -1.564     -2.373     -2.345  0.6821 -0.6821       1
   2.831 -0.7961  -1.564     -2.373     -2.345  0.6821 -0.6821       1
   2.831  -0.796  -1.564     -2.373     -2.346  0.6821 -0.6821       1
   2.831  -0.796  -1.564     -2.373     -2.346  0.6821 -0.6821       1
   2.831 -0.7965  -1.563     -2.375     -2.345  0.6826 -0.6826       1
    2.83 -0.7969  -1.562     -2.377     -2.345   0.683  -0.683       1
    2.83 -0.7969  -1.562     -2.377     -2.345   0.683  -0.683       1
   2.832 -0.7963  -1.563     -2.375     -2.345  0.6825 -0.6825       1
   2.832 -0.7963  -1.563     -2.375     -2.345  0.6825 -0.6825       1
    2.83 -0.7966  -1.562     -2.376     -2.345   0.683  -0.683       1
    2.83 -0.7966  -1.562     -2.376     -2.345   0.683  -0.683       1
    2.83 -0.7965  -1.563     -2.375     -2.345  0.6826 -0.6826       1
    2.83 -0.7962  -1.563     -2.375     -2.345  0.6827 -0.6827       1
    2.83 -0.7962  -1.563     -2.375     -2.345  0.6827 -0.6827       1
   2.831 -0.7968  -1.562     -2.376     -2.345  0.6829 -0.6829       1
   2.831 -0.7968  -1.562     -2.376     -2.345  0.6829 -0.6829       1
   2.829 -0.7961  -1.562     -2.376     -2.345  0.6828 -0.6828       1
   2.829 -0.7961  -1.562     -2.376     -2.345  0.6828 -0.6828       1
    2.83 -0.7962  -1.564     -2.374     -2.345  0.6824 -0.6824       1
    2.83 -0.7962  -1.564     -2.374     -2.345  0.6824 -0.6824       1
    2.83 -0.7966  -1.563     -2.375     -2.345  0.6827 -0.6827       1
    2.83 -0.7966  -1.563     -2.375     -2.345  0.6827 -0.6827       1
   2.831 -0.7965  -1.562     -2.376     -2.345  0.6829 -0.6829       1
    2.83 -0.7966  -1.561     -2.377     -2.345  0.6832 -0.6832       1
    2.83 -0.7966  -1.561     -2.377     -2.345  0.6832 -0.6832       1
    2.83 -0.7966  -1.561     -2.377     -2.345  0.6832 -0.6832       1
   2.831 -0.7967  -1.563     -2.375     -2.345  0.6827 -0.6827       1
   2.829  -0.796  -1.564     -2.374     -2.346  0.6823 -0.6823       1
   2.829  -0.796  -1.564     -2.374     -2.346  0.6823 -0.6823       1
    2.83 -0.7961  -1.563     -2.375     -2.346  0.6825 -0.6825       1
    2.83 -0.7961  -1.563     -2.375     -2.346  0.6825 -0.6825       1
    2.83 -0.7964  -1.563     -2.375     -2.345  0.6827 -0.6827       1
   2.831 -0.7959  -1.564     -2.374     -2.346  0.6823 -0.6823       1
   2.831 -0.7959  -1.564     -2.374     -2.346  0.6823 -0.6823       1
   2.832 -0.7966  -1.563     -2.375     -2.345  0.6827 -0.6827       1
   2.832 -0.7966  -1.563     -2.375     -2.345  0.6827 -0.6827       1
   2.831 -0.7966  -1.563     -2.375     -2.345  0.6826 -0.6826       1
   2.831 -0.7966  -1.563     -2.375     -2.345  0.6826 -0.6826       1
   2.831 -0.7968  -1.561     -2.377     -2.345  0.6833 -0.6833       1
   2.831 -0.7968  -1.561     -2.377     -2.345  0.6833 -0.6833       1
   2.831 -0.7966  -1.563     -2.375     -2.345  0.6826 -0.6826       1
   2.831 -0.7968  -1.564     -2.375     -2.345  0.6825 -0.6825       1
   2.831 -0.7968  -1.564     -2.375     -2.345  0.6825 -0.6825       1
   2.831 -0.7968  -1.564     -2.375     -2.345  0.6825 -0.6825       1
   2.833  -0.797  -1.564     -2.375     -2.345  0.6826 -0.6826       1
    2.83 -0.7968  -1.573     -2.365     -2.345  0.6798 -0.6798       1
    2.83 -0.7968  -1.573     -2.365     -2.345  0.6798 -0.6798       1
   2.828 -0.7965  -1.593     -2.345     -2.345  0.6739 -0.6739       1
   2.828 -0.7965  -1.593     -2.345     -2.345  0.6739 -0.6739       1
   2.828 -0.7962   -1.62     -2.318     -2.345  0.6662 -0.6662       1
   2.828 -0.7962   -1.62     -2.318     -2.345  0.6662 -0.6662       1
   2.827 -0.7964  -1.648      -2.29     -2.345  0.6581 -0.6581       1
   2.827 -0.7964  -1.648      -2.29     -2.345  0.6581 -0.6581       1
   2.825 -0.7959  -1.686     -2.252     -2.346  0.6472 -0.6472       1
   2.825 -0.7959  -1.686     -2.252     -2.346  0.6472 -0.6472       1
   2.823 -0.7958  -1.732     -2.206     -2.346  0.6339 -0.6339       1
   2.823 -0.7958  -1.732     -2.206     -2.346  0.6339 -0.6339       1
   2.821 -0.7956  -1.788      -2.15     -2.346  0.6178 -0.6178       1
   2.821 -0.7956  -1.788      -2.15     -2.346  0.6178 -0.6178       1
   2.817 -0.7949  -1.851     -2.086     -2.347  0.5995 -0.5995       1
   2.815 -0.7946  -1.918     -2.018     -2.347  0.5799 -0.5799       1
   2.813 -0.7949  -1.989     -1.947     -2.347  0.5597 -0.5597       1
   2.813 -0.7949  -1.989     -1.947     -2.347  0.5597 -0.5597       1
   2.809  -0.794  -2.064     -1.872     -2.348   0.538  -0.538       1
   2.809  -0.794  -2.064     -1.872     -2.348   0.538  -0.538       1
   2.807 -0.7931   -2.14     -1.795     -2.349  0.5159 -0.5159       1
   2.807 -0.7931   -2.14     -1.795     -2.349  0.5159 -0.5159       1
   2.805 -0.7922  -2.213     -1.721     -2.349  0.4947 -0.4947       1
   2.805 -0.7922  -2.213     -1.721     -2.349  0.4947 -0.4947       1
   2.805 -0.7915  -2.284     -1.649      -2.35  0.4741 -0.4741       1
   2.805 -0.7915  -2.284     -1.649      -2.35  0.4741 -0.4741       1
   2.806 -0.7903  -2.353     -1.579     -2.351  0.4537 -0.4537       1
   2.806 -0.7903  -2.353     -1.579     -2.351  0.4537 -0.4537       1
   2.804 -0.7895  -2.424     -1.507     -2.352  0.4333 -0.4333       1
   2.805 -0.7879  -2.495     -1.434     -2.354  0.4123 -0.4123       1
   2.805 -0.7879  -2.495     -1.434     -2.354  0.4123 -0.4123       1
   2.804 -0.7883  -2.563     -1.367     -2.353  0.3929 -0.3929       1
   2.804 -0.7883  -2.563     -1.367     -2.353  0.3929 -0.3929       1
   2.804 -0.7878  -2.628     -1.302     -2.354  0.3741 -0.3741       1
   2.804 -0.7878  -2.628     -1.302     -2.354  0.3741 -0.3741       1
   2.804 -0.7878  -2.628     -1.302     -2.354  0.3741 -0.3741       1
   2.805 -0.7873  -2.693     -1.236     -2.354  0.3553 -0.3553       1
   2.807 -0.7869  -2.756     -1.173     -2.355  0.3371 -0.3371       1
   2.807 -0.7869  -2.756     -1.173     -2.355  0.3371 -0.3371       1
   2.809 -0.7862  -2.815     -1.112     -2.355  0.3197 -0.3197       1
   2.809 -0.7862  -2.876     -1.052     -2.355  0.3022 -0.3022       1
   2.809 -0.7862  -2.876     -1.052     -2.355  0.3022 -0.3022       1
   2.809 -0.7858  -2.938    -0.9896     -2.356  0.2844 -0.2844       1
   2.809 -0.7858  -2.938    -0.9896     -2.356  0.2844 -0.2844       1
    2.81 -0.7854  -2.997      -0.93     -2.356  0.2673 -0.2673       1
    2.81 -0.7854  -2.997      -0.93     -2.356  0.2673 -0.2673       1
   2.809 -0.7852  -3.051    -0.8763     -2.356  0.2519 -0.2519       1
   2.809 -0.7852  -3.051    -0.8763     -2.356  0.2519 -0.2519       1
   2.807 -0.7841  -3.099     -0.827     -2.358  0.2377 -0.2377       1
   2.807 -0.7841  -3.099     -0.827     -2.358  0.2377 -0.2377       1
   2.809  -0.784    3.14    -0.7825     -2.358  0.2249 -0.2249       1
   2.809  -0.784    3.14    -0.7825     -2.358  0.2249 -0.2249       1
   2.809 -0.7836   3.102    -0.7445     -2.358   0.214  -0.214       1
   2.809 -0.7836   3.102    -0.7445     -2.358   0.214  -0.214       1
   2.809 -0.7827    3.07     -0.711     -2.359  0.2044 -0.2044       1
   2.808 -0.7823   3.039    -0.6794     -2.359  0.1953 -0.1953       1
    2.81 -0.7829   3.011    -0.6521     -2.359  0.1874 -0.1874       1
    2.81 -0.7829   3.011    -0.6521     -2.359  0.1874 -0.1874       1
    2.81 -0.7829   3.011    -0.6521     -2.359  0.1874 -0.1874       1
    2.81 -0.7837   2.981    -0.6235     -2.358  0.1792 -0.1792       1
    2.81  -0.782   2.956    -0.5962      -2.36  0.1714 -0.1714       1
    2.81  -0.782   2.956    -0.5962      -2.36  0.1714 -0.1714       1
   2.809 -0.7825   2.929    -0.5695     -2.359  0.1637 -0.1637       1
   2.809 -0.7825   2.929    -0.5695     -2.359  0.1637 -0.1637       1
    2.81 -0.7819   2.902    -0.5419      -2.36  0.1557 -0.1557       1
    2.81 -0.7819   2.902    -0.5419      -2.36  0.1557 -0.1557       1
   2.811 -0.7819   2.874    -0.5147      -2.36  0.1479 -0.1479       1
   2.811 -0.7819   2.874    -0.5147      -2.36  0.1479 -0.1479       1
   2.811 -0.7819    2.85    -0.4903      -2.36  0.1409 -0.1409       1
   2.812 -0.7818   2.831     -0.471      -2.36  0.1354 -0.1354       1
   2.812 -0.7818   2.831     -0.471      -2.36  0.1354 -0.1354       1
   2.814 -0.7814   2.814    -0.4538      -2.36  0.1304 -0.1304       1
   2.814 -0.7814   2.814    -0.4538      -2.36  0.1304 -0.1304       1
   2.813 -0.7821     2.8    -0.4406      -2.36  0.1266 -0.1266       1
   2.813 -0.7821     2.8    -0.4406      -2.36  0.1266 -0.1266       1
   2.813 -0.7819   2.788     -0.428      -2.36   0.123  -0.123       1
   2.813 -0.7819   2.788     -0.428      -2.36   0.123  -0.123       1
    2.81 -0.7817   2.776     -0.416      -2.36  0.1196 -0.1196       1
   2.811 -0.7819   2.766    -0.4064      -2.36  0.1168 -0.1168       1
   2.811 -0.7819   2.766    -0.4064      -2.36  0.1168 -0.1168       1
   2.809  -0.782   2.756    -0.3963      -2.36  0.1139 -0.1139       1
   2.809  -0.782   2.756    -0.3963      -2.36  0.1139 -0.1139       1
    2.81 -0.7812   2.743    -0.3829      -2.36    0.11   -0.11       1
    2.81 -0.7812   2.743    -0.3829      -2.36    0.11   -0.11       1
    2.81 -0.7817   2.728    -0.3682      -2.36  0.1058 -0.1058       1
    2.81 -0.7817   2.728    -0.3682      -2.36  0.1058 -0.1058       1
    2.81 -0.7815   2.713    -0.3529      -2.36  0.1014 -0.1014       1
   2.811 -0.7814     2.7    -0.3397      -2.36 0.09764-0.09764       1
   2.811 -0.7814     2.7    -0.3397      -2.36 0.09764-0.09764       1
    2.81  -0.782   2.681    -0.3214      -2.36 0.09237-0.09237       1
    2.81  -0.782   2.681    -0.3214      -2.36 0.09237-0.09237       1
   2.811 -0.7813   2.659    -0.2987      -2.36 0.08586-0.08586       1
   2.811 -0.7813   2.659    -0.2987      -2.36   2.897   2.725       2
   2.812 -0.7806   2.635    -0.2741     -2.361   2.891   2.733       2
   2.812 -0.7806   2.635    -0.2741     -2.361   2.891   2.733       2
   2.812 -0.7806   2.635    -0.2741     -2.361   2.891   2.733       2
   2.811 -0.7807    2.61    -0.2486     -2.361   2.882   2.739       2
   2.808 -0.7829   2.577    -0.2184     -2.359    2.87   2.745       2
   2.808 -0.7829   2.577    -0.2184     -2.359    2.87   2.745       2
   2.785  -0.784   2.538    -0.1801     -2.358   2.837   2.733       2
   2.785  -0.784   2.538    -0.1801     -2.358   2.837   2.733       2
   2.744  -0.786   2.505    -0.1496     -2.356   2.787   2.701       2
   2.744  -0.786   2.505    -0.1496     -2.356   2.787   2.701       2
   2.699 -0.7889    2.49    -0.1371     -2.353   2.738   2.659       2
   2.648  -0.792   2.483     -0.133      -2.35   2.686   2.609       2
   2.648  -0.792   2.483     -0.133      -2.35   2.686   2.609       2
   2.648  -0.792   2.483     -0.133      -2.35   2.686   2.609       2
   2.593 -0.7925   2.482    -0.1327     -2.349   2.631   2.555       2
   2.542 -0.7969   2.485    -0.1398     -2.345   2.582   2.502       2
   2.542 -0.7969   2.485    -0.1398     -2.345   2.582   2.502       2
   2.489 -0.7993   2.486    -0.1437     -2.342    2.53   2.447       2
   2.489 -0.7993   2.486    -0.1437     -2.342    2.53   2.447       2
   2.485 -0.7956   2.449    -0.1028     -2.346   2.515   2.456       2
   2.433 -0.7995   2.452    -0.1097     -2.342   2.465   2.402       2
   2.433 -0.7995   2.452    -0.1097     -2.342   2.465   2.402       2
   2.433 -0.7995   2.452    -0.1097     -2.342   2.465   2.402       2
   2.383 -0.8018   2.451     -0.111      -2.34   2.415   2.351       2
   2.383 -0.8018   2.451     -0.111      -2.34   2.415   2.351       2
   2.338 -0.8051   2.457    -0.1208     -2.337   2.372   2.303       2
   2.338 -0.8051   2.457    -0.1208     -2.337   2.372   2.303       2
   2.289 -0.8057   2.456    -0.1198     -2.336   2.323   2.254       2
   2.289 -0.8057   2.456    -0.1198     -2.336   2.323   2.254       2
   2.289 -0.8057   2.456    -0.1198     -2.336   2.323   2.254       2
   2.192 -0.8161    2.47    -0.1449     -2.326   2.233    2.15       2
   2.192 -0.8161    2.47    -0.1449     -2.326   2.233    2.15       2
   2.135 -0.8171   2.477     -0.152     -2.324   2.178   2.091       2
   2.135 -0.8171   2.477     -0.152     -2.324   2.178   2.091       2
   2.135 -0.8171   2.477     -0.152     -2.324   2.178   2.091       2
   2.089 -0.8241   2.482    -0.1649     -2.317   2.136   2.041       2
   2.035 -0.8312   2.479    -0.1683      -2.31   2.084   1.987       2
   2.035 -0.8312   2.479    -0.1683      -2.31   2.084   1.987       2
   1.979 -0.8348   2.479     -0.172     -2.307   2.028   1.929       2
   1.979 -0.8348   2.479     -0.172     -2.307   2.028   1.929       2
   1.919 -0.8415    2.48    -0.1796       -2.3   1.971   1.868       2
   1.919 -0.8415    2.48    -0.1796       -2.3   1.971   1.868       2
   1.869 -0.8465   2.477     -0.182     -2.295   1.922   1.817       2
   1.869 -0.8465   2.477     -0.182     -2.295   1.922   1.817       2
   1.825 -0.8535   2.479    -0.1908     -2.288    1.88    1.77       2
   1.773 -0.8597   2.474    -0.1921     -2.282   1.829   1.718       2
   1.773 -0.8597   2.474    -0.1921     -2.282   1.829   1.718       2
   1.722  -0.866   2.471    -0.1959     -2.276   1.778   1.665       2
   1.722  -0.866   2.471    -0.1959     -2.276   1.778   1.665       2
   1.681 -0.8734    2.47    -0.2015     -2.268   1.739   1.623       2
   1.681 -0.8734    2.47    -0.2015     -2.268   1.739   1.623       2
   1.626 -0.8771   2.469    -0.2047     -2.265   1.685   1.567       2
   1.626 -0.8771   2.469    -0.2047     -2.265   1.685   1.567       2
   1.579 -0.8876   2.471    -0.2169     -2.254   1.642   1.517       2
   1.579 -0.8876   2.471    -0.2169     -2.254   1.642   1.517       2
   1.534 -0.8937   2.468    -0.2202     -2.248   1.597    1.47       2
   1.492 -0.9057    2.47    -0.2336     -2.236   1.559   1.425       2
   1.492 -0.9057    2.47    -0.2336     -2.236   1.559   1.425       2
   1.444 -0.9119   2.467    -0.2372      -2.23   1.512   1.375       2
   1.444 -0.9119   2.467    -0.2372      -2.23   1.512   1.375       2
   1.406 -0.9238   2.468      -0.25     -2.218   1.478   1.335       2
   1.406 -0.9238   2.468      -0.25     -2.218   1.478   1.335       2
    1.36 -0.9299   2.462    -0.2501     -2.212   1.432   1.288       2
   1.317 -0.9416   2.465    -0.2651       -2.2   1.393   1.241       2
   1.317 -0.9416   2.465    -0.2651       -2.2   1.393   1.241       2
   1.317 -0.9416   2.465    -0.2651       -2.2   1.393   1.241       2
   1.277 -0.9543   2.459    -0.2718     -2.187   1.355   1.199       2
   1.235   -0.96   2.457    -0.2752     -2.182   1.314   1.156       2
   1.201 -0.9757   2.451    -0.2854     -2.166   1.283   1.119       2
   1.201 -0.9757   2.451    -0.2854     -2.166   1.283   1.119       2
   1.201 -0.9757   2.451    -0.2854     -2.166   1.283   1.119       2
   1.157 -0.9867   2.443    -0.2878     -2.155    1.24   1.075       2
   1.119 -0.9997   2.432    -0.2904     -2.142   1.203   1.036       2
   1.119 -0.9997   2.432    -0.2904     -2.142   1.203   1.036       2
   1.076  -1.009   2.424    -0.2909     -2.133    1.16  0.9925       2
   1.076  -1.009   2.424    -0.2909     -2.133    1.16  0.9925       2
   1.035  -1.023   2.414    -0.2955     -2.119    1.12  0.9504       2
   1.035  -1.023   2.414    -0.2955     -2.119    1.12  0.9504       2
  0.9931  -1.035   2.405    -0.2984     -2.107   1.066  0.9205       3
  0.9931  -1.035   2.405    -0.2984     -2.107   1.066  0.9205       3
  0.9565  -1.047   2.395     -0.301     -2.094   1.029  0.8836       3
  0.9176  -1.056   2.391    -0.3046     -2.086  0.9912   0.844       3
  0.9176  -1.056   2.391    -0.3046     -2.086  0.9912   0.844       3
  0.8891  -1.068   2.384    -0.3104     -2.073  0.9636  0.8145       3
  0.8891  -1.068   2.384    -0.3104     -2.073  0.9636  0.8145       3
  0.8891  -1.068   2.384    -0.3104     -2.073  0.9636  0.8145       3
  0.8891  -1.068   2.384    -0.3104     -2.073  0.9636  0.8145       3
  0.8581  -1.074   2.379    -0.3113     -2.068  0.9327  0.7834       3
  0.8581  -1.074   2.379    -0.3113     -2.068  0.9327  0.7834       3
  0.8271   -1.09   2.377    -0.3253     -2.052  0.9043  0.7499       3
  0.8271   -1.09   2.377    -0.3253     -2.052  0.9043  0.7499       3
  0.7953  -1.099   2.373    -0.3301     -2.043  0.8733  0.7172       3
  0.7953  -1.099   2.373    -0.3301     -2.043  0.8733  0.7172       3
  0.7713  -1.113    2.36    -0.3311     -2.028  0.8494  0.6931       3
  0.7429  -1.122   2.347    -0.3276      -2.02  0.8203  0.6655       3
  0.7429  -1.122   2.347    -0.3276      -2.02  0.8203  0.6655       3
  0.7197  -1.138   2.337    -0.3326     -2.004  0.7979  0.6414       3
   0.693  -1.144   2.329    -0.3311     -1.998  0.7709  0.6151       3
   0.693  -1.144   2.329    -0.3311     -1.998  0.7709  0.6151       3
   0.693  -1.144   2.329    -0.3311     -1.998  0.7709  0.6151       3
   0.693  -1.144   2.329    -0.3311     -1.998  0.7709  0.6151       3
   0.693  -1.144   2.329    -0.3311     -1.998  0.7709  0.6151       3
   0.632  -1.179   2.309    -0.3457     -1.963  0.7124  0.5516       3
   0.632  -1.179   2.309    -0.3457     -1.963  0.7124  0.5516       3
  0.6091  -1.191   2.304    -0.3528     -1.951  0.6908  0.5275       3
  0.6091  -1.191   2.304    -0.3528     -1.951  0.6908  0.5275       3
  0.5929  -1.205     2.3    -0.3627     -1.937  0.6763  0.5095       3
  0.5929  -1.205     2.3    -0.3627     -1.937  0.6763  0.5095       3
  0.5706  -1.215   2.292    -0.3647     -1.927  0.6543  0.4869       3
   0.553  -1.227   2.286    -0.3713     -1.915  0.6379  0.4681       3
   0.553  -1.227   2.286    -0.3713     -1.915  0.6379  0.4681       3
  0.5362  -1.241   2.279    -0.3781     -1.901  0.6222  0.4501       3
  0.5362  -1.241   2.279    -0.3781     -1.901  0.6222  0.4501       3
   0.519  -1.258   2.271    -0.3877     -1.883  0.6067  0.4313       3
   0.519  -1.258   2.271    -0.3877     -1.883  0.6067  0.4313       3
  0.5016   -1.27   2.262      -0.39     -1.872  0.5896  0.4135       3
  0.4857   -1.28   2.254    -0.3925     -1.861  0.5742  0.3973       3
  0.4857   -1.28   2.254    -0.3925     -1.861  0.5742  0.3973       3
  0.4857   -1.28   2.254    -0.3925     -1.861  0.5742  0.3973       3
  0.4716  -1.297   2.246    -0.4016     -1.845  0.5616  0.3815       3
  0.4716  -1.297   2.246    -0.4016     -1.845  0.5616  0.3815       3
  0.4562  -1.312   2.237    -0.4074      -1.83  0.5472  0.3652       3
  0.4562  -1.312   2.237    -0.4074      -1.83  0.5472  0.3652       3
    0.44  -1.326    2.23     -0.414     -1.816  0.5321  0.3479       3
  0.4243  -1.338   2.225     -0.422     -1.803  0.5178  0.3308       3
  0.4094  -1.353   2.222    -0.4334     -1.788  0.5049  0.3138       3
  0.4094  -1.353   2.222    -0.4334     -1.788  0.5049  0.3138       3
  0.4094  -1.353   2.222    -0.4334     -1.788  0.5049  0.3138       3
  0.3943  -1.378   2.215    -0.4513     -1.764   0.493  0.2957       3
  0.3811  -1.392   2.207    -0.4579     -1.749  0.4809  0.2813       3
  0.3811  -1.392   2.207    -0.4579     -1.749  0.4809  0.2813       3
  0.3656  -1.407     2.2    -0.4659     -1.734  0.4667  0.2645       3
  0.3656  -1.407     2.2    -0.4659     -1.734  0.4667  0.2645       3
  0.3521   -1.43   2.193    -0.4813     -1.712  0.4559  0.2483       3
  0.3521   -1.43   2.193    -0.4813     -1.712  0.4559  0.2483       3
  0.3381  -1.448   2.186    -0.4927     -1.693  0.4439  0.2324       3
  0.3251  -1.471    2.18    -0.5097      -1.67  0.4338  0.2164       3
  0.3251  -1.471    2.18    -0.5097      -1.67  0.4338  0.2164       3
  0.3251  -1.471    2.18    -0.5097      -1.67  0.4338  0.2164       3
  0.3118  -1.493   2.174    -0.5254     -1.649  0.4233  0.2004       3
  0.3118  -1.493   2.174    -0.5254     -1.649  0.4233  0.2004       3
  0.3007  -1.514   2.168    -0.5404     -1.628  0.4147  0.1867       3
  0.2898  -1.536    2.16    -0.5543     -1.605  0.4061  0.1734       3
  0.2898  -1.536    2.16    -0.5543     -1.605  0.4061  0.1734       3
  0.2794  -1.566   2.148    -0.5725     -1.575  0.3988  0.1599       3
  0.2699  -1.585   2.134    -0.5774     -1.557    0.39  0.1497       3
  0.2699  -1.585   2.134    -0.5774     -1.557    0.39  0.1497       3
  0.2613  -1.615    2.12    -0.5936     -1.526  0.3841  0.1384       3
  0.2613  -1.615    2.12    -0.5936     -1.526  0.3841  0.1384       3
  0.2502  -1.644   2.106    -0.6082     -1.497  0.3755  0.1249       3
  0.2502  -1.644   2.106    -0.6082     -1.497  0.3755  0.1249       3
  0.2413  -1.674   2.093    -0.6249     -1.468  0.3693  0.1133       3
  0.2331  -1.703   2.081    -0.6425     -1.439  0.3641  0.1022       3
  0.2238  -1.731   2.069    -0.6575     -1.411  0.3572 0.09034       3
  0.2238  -1.731   2.069    -0.6575     -1.411  0.3572 0.09034       3
  0.2238  -1.731   2.069    -0.6575     -1.411  0.3572 0.09034       3
   0.214  -1.765   2.056    -0.6796     -1.377   0.351 0.07691       3
   0.214  -1.765   2.056    -0.6796     -1.377   0.351 0.07691       3
  0.2057  -1.811   2.043    -0.7125     -1.331  0.3482 0.06325       3
  0.1974  -1.834   2.032    -0.7239     -1.308  0.3417  0.0531       3
  0.1974  -1.834   2.032    -0.7239     -1.308  0.3417  0.0531       3
  0.1888  -1.869   2.021    -0.7485     -1.272  0.3371 0.04054       3
  0.1888  -1.869   2.021    -0.7485     -1.272  0.3371 0.04054       3
  0.1813  -1.913    2.01    -0.7815     -1.229  0.3349 0.02771       3
  0.1813  -1.913    2.01    -0.7815     -1.229  0.3349 0.02771       3
   0.174  -1.953   1.999    -0.8104     -1.189  0.3322 0.01584       3
   0.167  -2.004   1.986    -0.8489     -1.137  0.33130.002765       3
   0.167  -2.004   1.986    -0.8489     -1.137  0.33130.002765       3
   0.167  -2.004   1.986    -0.8489     -1.137  0.33130.002765       3
  0.1612  -2.046   1.971    -0.8751     -1.096  0.3295-0.007136       3
  0.1559  -2.096   1.957    -0.9114     -1.046  0.3298-0.01798       3
  0.1559  -2.096   1.957    -0.9114     -1.046  0.3298-0.01798       3
  0.1488  -2.132   1.945     -0.935      -1.01  0.3262-0.02868       3
  0.1488  -2.132   1.945     -0.935      -1.01  0.3262-0.02868       3
  0.1428   -2.19   1.932    -0.9803    -0.9513   0.327-0.04148       3
  0.1428   -2.19   1.932    -0.9803    -0.9513   0.327-0.04148       3
   0.137  -2.207   1.905    -0.9705    -0.9346  0.3196-0.04553       3
   0.137  -2.207   1.905    -0.9705    -0.9346  0.3196-0.04553       3
   0.137  -2.207   1.905    -0.9705    -0.9346  0.3196-0.04553       3
  0.1371  -2.215   1.872    -0.9457    -0.9266  0.3156-0.04142       3
  0.1357  -2.237   1.832    -0.9277    -0.9044  0.3112-0.03973       3
  0.1357  -2.237   1.832    -0.9277    -0.9044  0.3112-0.03973       3
  0.1324  -2.252   1.795    -0.9048      -0.89   0.304-0.03927       3
  0.1267  -2.286   1.757    -0.9018    -0.8552  0.2976-0.04421       3
  0.1267  -2.286   1.757    -0.9018    -0.8552  0.2976-0.04421       3
  0.1275  -2.302    1.72     -0.881    -0.8393  0.2948 -0.0399       3
  0.1275  -2.302    1.72     -0.881    -0.8393  0.2948 -0.0399       3
  0.1241  -2.337   1.679    -0.8748    -0.8043  0.2902-0.04194       3
  0.1241  -2.337   1.679    -0.8748    -0.8043  0.2902-0.04194       3
  0.1211  -2.356   1.637    -0.8514    -0.7852  0.2832-0.04095       3
  0.1186  -2.369    1.59    -0.8176    -0.7726  0.2749-0.03775       3
  0.1186  -2.369    1.59    -0.8176    -0.7726  0.2749-0.03775       3
  0.1186  -2.369    1.59    -0.8176    -0.7726  0.2749-0.03775       3
  0.1174  -2.401   1.545    -0.8038    -0.7409  0.2712-0.03631       3
  0.1132  -2.393     1.5    -0.7518    -0.7483  0.2582-0.03169       3
  0.1132  -2.393     1.5    -0.7518    -0.7483  0.2582-0.03169       3
  0.1132  -2.393     1.5    -0.7518    -0.7483  0.2582-0.03169       3
   0.112  -2.398   1.454    -0.7098    -0.7439  0.2496-0.02569       3
   0.112  -2.398   1.454    -0.7098    -0.7439  0.2496-0.02569       3
  0.1101  -2.405   1.409    -0.6724    -0.7369  0.2411  -0.021       3
  0.1101  -2.405   1.409    -0.6724    -0.7369  0.2411  -0.021       3
  0.1089  -2.422   1.367    -0.6473    -0.7199  0.2354-0.01757       3
  0.1065  -2.429   1.328     -0.616    -0.7122  0.2274-0.01441       3
  0.1065  -2.429   1.328     -0.616    -0.7122  0.2274-0.01441       3
  0.1055  -2.439   1.293    -0.5908    -0.7023  0.2218-0.01082       3
  0.1055  -2.439   1.293    -0.5908    -0.7023  0.2218-0.01082       3
   0.106  -2.449   1.261    -0.5692    -0.6923  0.2183-0.006357       3
  0.1052  -2.465   1.234    -0.5574    -0.6768  0.2153-0.004847       3
  0.1025  -2.442    1.21      -0.51    -0.6997  0.20410.000838       3
  0.1025  -2.442    1.21      -0.51    -0.6997  0.20410.000838       3
  0.1025  -2.442    1.21      -0.51    -0.6997  0.20410.000838       3
  0.1021  -2.471   1.184    -0.5136    -0.6704  0.20421.948e-05       3
  0.1012  -2.464   1.163    -0.4857    -0.6772  0.19820.004163       3
  0.1012  -2.464   1.163    -0.4857    -0.6772  0.19820.004163       3
  0.0397  -2.952    1.14    -0.9498    -0.1898  0.2134  -0.134       3
 0.03164   2.802   1.127     -1.467     0.3397  0.2748 -0.2115       3
 0.03164   2.802   1.127     -1.467     0.3397  0.2748 -0.2115       3
 0.03164   2.802   1.127     -1.467     0.3397  0.2748 -0.2115       3
 0.03164   2.802   1.127     -1.467     0.3397  0.2748 -0.2115       3
 0.03164   2.802   1.127     -1.467     0.3397  0.2748 -0.2115       3
 0.03444   2.334   1.101     -1.908     0.8075  0.3206 -0.2517       3
 0.03472   2.244   1.066     -1.963     0.8971   0.325 -0.2555       3
 0.03472   2.244   1.066     -1.963     0.8971   0.325 -0.2555       3
 0.03472   2.244   1.066     -1.963     0.8971   0.325 -0.2555       3
 0.03454   2.224   1.031     -1.949     0.9179  0.3234 -0.2544       3
 0.03454   2.224   1.031     -1.949     0.9179  0.3234 -0.2544       3
 0.03454   2.224   1.031     -1.949     0.9179  0.3234 -0.2544       3
 0.03454   2.224   1.031     -1.949     0.9179  0.3234 -0.2544       3
 0.03454   2.224   1.031     -1.949     0.9179  0.3234 -0.2544       3
 0.03554    2.13  0.9674     -1.979      1.011  0.3262 -0.2551       3
 0.03554    2.13  0.9674     -1.979      1.011  0.3262 -0.2551       3
 0.03528   2.114  0.8995     -1.927      1.028  0.3214 -0.2508       3
 0.03514    2.08  0.8623     -1.924      1.062  0.3207 -0.2504       3
 0.03514    2.08  0.8623     -1.924      1.062  0.3207 -0.2504       3
 0.03514    2.08  0.8623     -1.924      1.062  0.3207 -0.2504       3
 0.03514    2.08  0.8623     -1.924      1.062  0.3207 -0.2504       3
  0.0351   2.043   0.789     -1.888      1.099  0.3171 -0.2469       3
  0.0351   2.043   0.789     -1.888      1.099  0.3171 -0.2469       3
 0.03496   2.093  0.7545     -1.803      1.048  0.3094 -0.2395       3
 0.03496   2.093  0.7545     -1.803      1.048  0.3094 -0.2395       3
  0.0347   2.098   0.718     -1.762      1.044  0.3052 -0.2358       3
  0.0347   2.098   0.718     -1.762      1.044  0.3052 -0.2358       3
 0.03551   2.037  0.6804     -1.785      1.105  0.3079 -0.2368       3
 0.03475   2.093  0.6422     -1.691      1.049  0.2979 -0.2284       3
  0.0341   2.073  0.6027     -1.672      1.069  0.2951 -0.2269       3
  0.0341   2.073  0.6027     -1.672      1.069  0.2951 -0.2269       3
  0.0341   2.073  0.6027     -1.672      1.069  0.2951 -0.2269       3
 0.03308    2.11  0.5616     -1.593      1.032  0.2858 -0.2196       3
 0.03281   2.042  0.5229     -1.622        1.1  0.2882 -0.2226       3
  0.0335   2.114  0.4835     -1.511      1.027  0.2767 -0.2097       3
  0.0335   2.114  0.4835     -1.511      1.027  0.2767 -0.2097       3
  0.0335   2.114  0.4835     -1.511      1.027  0.2767 -0.2097       3
  0.0335   2.114  0.4835     -1.511      1.027  0.2767 -0.2097       3
  0.0335   2.114  0.4835     -1.511      1.027  0.2767 -0.2097       3
 0.03313    2.07  0.4029     -1.475      1.072  0.2716 -0.2054       3
  0.0336   2.063  0.3624     -1.441      1.079  0.2679 -0.2007       3
  0.0336   2.063  0.3624     -1.441      1.079  0.2679 -0.2007       3
  0.0334   2.135  0.3214     -1.328      1.007  0.2537 -0.1869       3
 0.03132   2.132  0.2735     -1.283      1.009  0.2454 -0.1828       3
 0.03132   2.132  0.2735     -1.283      1.009  0.2454 -0.1828       3
 0.03132   2.132  0.2735     -1.283      1.009  0.2454 -0.1828       3
 0.03137   2.187  0.2196     -1.174     0.9543  0.2306 -0.1679       3
 0.03124    2.29  0.1653     -1.017      0.852  0.2078 -0.1453       3
  0.0316   2.341  0.1139    -0.9145     0.8006  0.1922  -0.129       3
  0.0316   2.341  0.1139    -0.9145     0.8006  0.1922  -0.129       3
  0.0316   2.341  0.1139    -0.9145     0.8006  0.1922  -0.129       3
 0.03311   2.411  0.0669    -0.7974     0.7305  0.1748 -0.1086       3
 0.03547   2.463 0.02653    -0.7047     0.6782  0.1617-0.09076       3
 0.03547   2.463 0.02653    -0.7047     0.6782  0.1617-0.09076       3
 0.03547   2.463 0.02653    -0.7047     0.6782  0.1617-0.09076       3
 0.03652   2.454-0.009028    -0.6784     0.6874  0.1581-0.08504       3
 0.03652   2.454-0.009028    -0.6784     0.6874  0.1581-0.08504       3
  0.03652   2.454-0.009028    -0.6784     0.6874  0.1581-0.08504       3
  0.03652   2.454-0.009028    -0.6784     0.6874  0.1581-0.08504       3
  0.03652   2.454-0.009028    -0.6784     0.6874  0.1581-0.08504       3
  0.03652   2.454-0.009028    -0.6784     0.6874  0.1581-0.08504       3
  0.03652   2.454-0.009028    -0.6784     0.6874  0.1581-0.08504       3
  0.03652   2.454-0.009028    -0.6784     0.6874  0.1581-0.08504       3
  0.03652   2.454-0.009028    -0.6784     0.6874  0.1581-0.08504       3
  0.03652   2.454-0.009028    -0.6784     0.6874  0.1581-0.08504       3
  0.03652   2.454-0.009028    -0.6784     0.6874  0.1581-0.08504       3
  0.03652   2.454-0.009028    -0.6784     0.6874  0.1581-0.08504       3
  0.03652   2.454-0.009028    -0.6784     0.6874  0.1581-0.08504       3
  0.03652   2.454-0.009028    -0.6784     0.6874  0.1581-0.08504       3
  0.03652   2.454-0.009028    -0.6784     0.6874  0.1581-0.08504       3
  0.03652   2.454-0.009028    -0.6784     0.6874  0.1581-0.08504       3
  0.03652   2.454-0.009028    -0.6784     0.6874  0.1581-0.08504       3
  0.03652   2.454-0.009028    -0.6784     0.6874  0.1581-0.08504       3
  0.03652   2.454-0.009028    -0.6784     0.6874  0.1581-0.08504       3
  0.03652   2.454-0.009028    -0.6784     0.6874  0.1581-0.08504       3
  0.03652   2.454-0.009028    -0.6784     0.6874  0.1581-0.08504       3
  0.03652   2.454-0.009028    -0.6784     0.6874  0.1581-0.08504       3
  0.03652   2.454-0.009028    -0.6784     0.6874  0.1581-0.08504       3
  0.03652   2.454-0.009028    -0.6784     0.6874  0.1581-0.08504       3
  0.03652   2.454-0.009028    -0.6784     0.6874  0.1581-0.08504       3
 
