1.5708  -2  -2  
1.5708  -2  1.56413e+265  
1.5708  -2  1.56413e+265  
1.56958  -2.00085  -2.00517  
1.56958  -2.00085  -2.00517  
1.56958  -2.00085  -2.00517  
1.56939  -2.00102  -2.00483  
1.56928  -1.9996  -2.00488  
1.56928  -1.9996  -2.00488  
1.56928  -1.9996  -2.00488  
1.56928  -1.9996  -2.00488  
1.56882  -2.00175  -2.0048  
1.56893  -2.00115  -2.00593  
1.56893  -2.00115  -2.00593  
1.56891  -2.00078  -2.00472  
1.56891  -2.00078  -2.00472  
1.56891  -2.00078  -2.00472  
1.56832  -2.00135  -2.00522  
1.56961  -2.00007  -2.00596  
1.56961  -2.00007  -2.00596  
1.56961  -2.00007  -2.00596  
1.56851  -2.00072  -2.00648  
1.56927  -2.00087  -2.00533  
1.56927  -2.00087  -2.00533  
1.56865  -2.00273  -2.00494  
1.56925  -2.00126  -2.00457  
1.56925  -2.00126  -2.00457  
1.56925  -2.00126  -2.00457  
1.56928  -2.00008  -2.00556  
1.56928  -2.00008  -2.00556  
1.56882  -2.00069  -2.00444  
1.56874  -2.00226  -2.00403  
1.56874  -2.00226  -2.00403  
1.56868  -2.00196  -2.00516  
1.56868  -2.00196  -2.00516  
1.56899  -2.0021  -2.00491  
1.56899  -2.0021  -2.00491  
1.56896  -2.00126  -2.00443  
1.56896  -2.00126  -2.00443  
1.56896  -2.00126  -2.00443  
1.56968  -1.99931  -2.00547  
1.56909  -2.001  -2.00547  
1.56909  -2.001  -2.00547  
1.56909  -2.001  -2.00547  
1.56849  -2.00266  -2.00472  
1.56849  -2.00266  -2.00472  
1.5686  -2.00085  -2.00553  
1.56838  -2.00208  -2.00413  
1.56838  -2.00208  -2.00413  
1.56898  -2.00087  -2.00498  
1.56898  -2.00087  -2.00498  
1.56909  -2.00093  -2.00603  
1.56933  -2.00062  -2.00607  
1.56909  -2.00074  -2.00433  
1.56909  -2.00074  -2.00433  
1.56909  -2.00074  -2.00433  
1.56317  -2.00064  -2.00366  
1.55312  -2.00226  -2.00383  
1.55312  -2.00226  -2.00383  
1.55312  -2.00226  -2.00383  
1.53766  -1.99867  -2.00463  
1.51451  -1.99984  -2.00185  
1.4944  -2.00101  -2.00374  
1.4944  -2.00101  -2.00374  
1.4944  -2.00101  -2.00374  
1.4944  -2.00101  -2.00374  
1.4944  -2.00101  -2.00374  
1.44074  -1.99885  -2.00375  
1.40945  -2.00266  -2.00366  
1.40945  -2.00266  -2.00366  
1.40945  -2.00266  -2.00366  
1.3756  -2.00206  -2.00142  
1.34165  -2.00303  -1.9998  
1.34165  -2.00303  -1.9998  
1.30884  -2.00083  -2.00014  
1.30884  -2.00083  -2.00014  
1.27437  -2.00064  -2.00074  
1.23711  -2.00025  -1.99862  
1.23711  -2.00025  -1.99862  
1.23711  -2.00025  -1.99862  
1.20052  -1.99899  -1.9955  
1.20052  -1.99899  -1.9955  
1.1652  -1.99973  -1.9944  
1.13107  -1.99774  -1.99412  
1.13107  -1.99774  -1.99412  
1.09974  -1.99689  -1.99357  
1.09974  -1.99689  -1.99357  
1.09974  -1.99689  -1.99357  
1.06853  -1.99777  -1.99136  
1.03817  -1.99582  -1.99116  
1.00934  -1.99612  -1.98635  
0.983285  -1.99461  -1.98773  
0.983285  -1.99461  -1.98773  
0.983285  -1.99461  -1.98773  
0.983285  -1.99461  -1.98773  
0.930179  -1.98879  -1.9751  
0.930179  -1.98879  -1.9751  
0.910263  -1.9755  -1.95641  
0.910263  -1.9755  -1.95641  
0.910263  -1.9755  -1.95641  
0.89468  -1.95691  -1.93041  
0.883663  -1.93468  -1.90105  
0.874234  -1.91241  -1.87064  
0.874234  -1.91241  -1.87064  
0.874234  -1.91241  -1.87064  
0.865834  -1.88942  -1.84076  
0.865834  -1.88942  -1.84076  
0.85901  -1.86377  -1.81108  
0.851713  -1.83931  -1.77758  
0.851713  -1.83931  -1.77758  
0.851713  -1.83931  -1.77758  
0.846033  -1.8141  -1.75167  
0.83978  -1.78749  -1.71677  
0.83978  -1.78749  -1.71677  
0.833854  -1.76223  -1.68518  
0.825582  -1.74179  -1.65374  
0.825582  -1.74179  -1.65374  
0.815567  -1.71283  -1.61925  
0.815567  -1.71283  -1.61925  
0.80719  -1.68914  -1.58814  
0.80719  -1.68914  -1.58814  
0.80719  -1.68914  -1.58814  
0.79672  -1.66334  -1.56272  
0.789209  -1.63904  -1.531  
0.789209  -1.63904  -1.531  
0.779102  -1.61249  -1.5028  
0.779102  -1.61249  -1.5028  
0.76904  -1.5871  -1.47443  
0.758911  -1.56175  -1.44677  
0.758911  -1.56175  -1.44677  
0.7526  -1.53612  -1.41563  
0.7526  -1.53612  -1.41563  
0.751345  -1.51002  -1.39099  
0.754178  -1.48193  -1.36854  
0.754178  -1.48193  -1.36854  
0.762396  -1.45753  -1.34178  
0.762396  -1.45753  -1.34178  
0.762396  -1.45753  -1.34178  
0.772512  -1.42998  -1.31645  
0.783553  -1.40534  -1.29473  
0.783553  -1.40534  -1.29473  
0.791841  -1.38228  -1.27202  
0.791841  -1.38228  -1.27202  
0.791841  -1.38228  -1.27202  
0.791841  -1.38228  -1.27202  
0.794857  -1.36255  -1.24212  
0.793458  -1.33602  -1.21911  
0.792324  -1.31747  -1.19614  
0.792324  -1.31747  -1.19614  
0.78857  -1.29414  -1.17788  
0.782436  -1.27694  -1.14706  
0.782436  -1.27694  -1.14706  
0.782436  -1.27694  -1.14706  
0.772842  -1.25452  -1.12856  
0.767162  -1.23513  -1.10387  
0.767162  -1.23513  -1.10387  
0.762258  -1.21356  -1.08426  
0.761931  -1.19498  -1.06357  
0.761931  -1.19498  -1.06357  
0.761931  -1.19498  -1.06357  
0.762426  -1.17616  -1.04313  
0.757529  -1.15849  -1.02305  
0.751037  -1.14272  -1.00772  
0.751037  -1.14272  -1.00772  
0.742121  -1.12481  -0.993851  
0.742121  -1.12481  -0.993851  
0.73525  -1.11152  -0.977001  
0.73525  -1.11152  -0.977001  
0.726848  -1.09599  -0.964769  
0.726848  -1.09599  -0.964769  
0.719456  -1.08045  -0.949346  
0.719456  -1.08045  -0.949346  
0.714864  -1.06483  -0.936711  
0.714864  -1.06483  -0.936711  
0.712766  -1.04818  -0.922071  
0.709623  -1.03062  -0.909053  
0.709623  -1.03062  -0.909053  
0.705812  -1.01621  -0.894184  
0.705812  -1.01621  -0.894184  
0.698833  -0.990308  -0.875027  
0.698833  -0.990308  -0.875027  
0.691527  -0.972564  -0.863846  
0.687669  -0.95801  -0.848762  
0.687669  -0.95801  -0.848762  
0.684341  -0.941905  -0.83797  
0.684341  -0.941905  -0.83797  
0.682284  -0.927694  -0.825489  
0.682284  -0.927694  -0.825489  
0.678933  -0.914249  -0.813957  
0.678933  -0.914249  -0.813957  
0.675999  -0.900619  -0.802831  
0.672405  -0.889269  -0.790321  
0.672405  -0.889269  -0.790321  
0.668502  -0.874703  -0.780739  
0.668502  -0.874703  -0.780739  
0.666941  -0.859649  -0.768105  
0.666941  -0.859649  -0.768105  
0.666941  -0.859649  -0.768105  
0.666512  -0.844728  -0.757753  
0.665796  -0.831045  -0.746768  
0.665796  -0.831045  -0.746768  
0.665579  -0.816401  -0.736988  
0.665688  -0.802992  -0.725348  
0.665688  -0.802992  -0.725348  
0.665633  -0.789141  -0.714746  
0.665633  -0.789141  -0.714746  
0.664882  -0.775866  -0.704111  
0.664882  -0.775866  -0.704111  
0.664882  -0.775866  -0.704111  
0.665017  -0.761755  -0.692094  
0.664223  -0.749485  -0.681693  
0.664223  -0.749485  -0.681693  
0.664636  -0.738335  -0.672845  
0.664636  -0.738335  -0.672845  
0.661718  -0.725714  -0.661712  
0.661542  -0.712407  -0.651698  
0.661542  -0.712407  -0.651698  
0.661542  -0.712407  -0.651698  
0.660954  -0.699892  -0.640762  
0.658235  -0.685111  -0.625941  
0.658235  -0.685111  -0.625941  
0.658235  -0.685111  -0.625941  
0.654343  -0.670319  -0.61285  
0.653643  -0.65342  -0.603333  
0.654391  -0.638724  -0.590479  
0.654391  -0.638724  -0.590479  
0.656746  -0.623298  -0.580996  
0.656746  -0.623298  -0.580996  
0.656746  -0.623298  -0.580996  
0.659654  -0.60884  -0.568822  
0.661871  -0.595097  -0.55589  
0.661871  -0.595097  -0.55589  
0.659917  -0.58164  -0.544393  
0.659917  -0.58164  -0.544393  
0.659917  -0.58164  -0.544393  
0.659917  -0.58164  -0.544393  
0.659785  -0.568329  -0.531577  
0.657852  -0.554461  -0.520936  
0.657994  -0.539119  -0.508089  
0.657994  -0.539119  -0.508089  
0.657678  -0.524237  -0.497917  
0.657678  -0.524237  -0.497917  
0.658996  -0.510777  -0.486349  
0.658286  -0.495367  -0.474942  
0.658286  -0.495367  -0.474942  
0.658286  -0.495367  -0.474942  
0.658373  -0.482967  -0.462644  
0.657387  -0.470238  -0.451926  
0.657387  -0.470238  -0.451926  
0.656198  -0.457208  -0.441693  
0.655942  -0.443144  -0.431  
0.655942  -0.443144  -0.431  
0.655942  -0.443144  -0.431  
0.656506  -0.430653  -0.420876  
0.656546  -0.417527  -0.409558  
0.657297  -0.405999  -0.400738  
0.657297  -0.405999  -0.400738  
0.657297  -0.405999  -0.400738  
0.659145  -0.393679  -0.391563  
0.659145  -0.393679  -0.391563  
0.662026  -0.380369  -0.381294  
0.662447  -0.369764  -0.36903  
0.662447  -0.369764  -0.36903  
0.660092  -0.356522  -0.357853  
0.659659  -0.343537  -0.348092  
0.659659  -0.343537  -0.348092  
0.659659  -0.343537  -0.348092  
0.659733  -0.333331  -0.337619  
0.658551  -0.322284  -0.327729  
0.658551  -0.322284  -0.327729  
0.65649  -0.311909  -0.318532  
0.656429  -0.301401  -0.310649  
0.656429  -0.301401  -0.310649  
0.656429  -0.301401  -0.310649  
0.657801  -0.290062  -0.302128  
0.657938  -0.278803  -0.293087  
0.657938  -0.278803  -0.293087  
0.657938  -0.278803  -0.293087  
0.657938  -0.278803  -0.293087  
0.656874  -0.259983  -0.274502  
0.656874  -0.259983  -0.274502  
0.656874  -0.259983  -0.274502  
0.656874  -0.259983  -0.274502  
0.658135  -0.238545  -0.260266  
0.658135  -0.238545  -0.260266  
0.660874  -0.228527  -0.252006  
0.66299  -0.219528  -0.244047  
0.66299  -0.219528  -0.244047  
0.66299  -0.219528  -0.244047  
0.66682  -0.210676  -0.237437  
0.669341  -0.201614  -0.229998  
0.669341  -0.201614  -0.229998  
0.669652  -0.193584  -0.22199  
0.669652  -0.193584  -0.22199  
0.672032  -0.185265  -0.215829  
0.672032  -0.185265  -0.215829  
0.671808  -0.176449  -0.206922  
0.671704  -0.168401  -0.199561  
0.671704  -0.168401  -0.199561  
0.673146  -0.160215  -0.192841  
0.673146  -0.160215  -0.192841  
0.674465  -0.151841  -0.18563  
0.674465  -0.151841  -0.18563  
0.679532  -0.143511  -0.179871  
0.684611  -0.133064  -0.173665  
0.684611  -0.133064  -0.173665  
0.684611  -0.133064  -0.173665  
0.688804  -0.123894  -0.163437  
0.692034  -0.115315  -0.156121  
0.692034  -0.115315  -0.156121  
0.696541  -0.109267  -0.150229  
0.69951  -0.100662  -0.144218  
0.69951  -0.100662  -0.144218  
0.69951  -0.100662  -0.144218  
0.702495  -0.0939057  -0.138926  
0.702495  -0.0939057  -0.138926  
0.70558  -0.0872673  -0.13142  
0.708228  -0.0807049  -0.124433  
0.708228  -0.0807049  -0.124433  
0.711204  -0.0732677  -0.11748  
0.712176  -0.06655  -0.112619  
0.712176  -0.06655  -0.112619  
0.712176  -0.06655  -0.112619  
0.712176  -0.06655  -0.112619  
0.714829  -0.0603581  -0.105481  
0.720868  -0.0529051  -0.0991788  
0.720868  -0.0529051  -0.0991788  
0.724598  -0.0462258  -0.0952574  
0.729785  -0.0398905  -0.0885118  
0.729785  -0.0398905  -0.0885118  
0.736498  -0.0326364  -0.0838947  
0.736498  -0.0326364  -0.0838947  
0.745385  -0.0268481  -0.0783613  
0.750967  -0.0197077  -0.0728246  
0.750967  -0.0197077  -0.0728246  
0.757886  -0.0128371  -0.067782  
0.757886  -0.0128371  -0.067782  
0.763856  -0.00729605  -0.0623919  
0.788427  -0.00329428  -0.0596747  
0.788427  -0.00329428  -0.0596747  
0.822366  0.000889444  -0.0580007  
0.822366  0.000889444  -0.0580007  
0.822366  0.000889444  -0.0580007  
0.85091  -0.000569578  -0.0519235  
0.871229  0.0018998  -0.0519971  
0.887928  0.00204434  -0.0468919  
0.887928  0.00204434  -0.0468919  
0.887928  0.00204434  -0.0468919  
0.904811  0.00442727  -0.047186  
0.919266  0.00610119  -0.0441008  
0.933622  0.0053442  -0.0418772  
0.933622  0.0053442  -0.0418772  
0.933622  0.0053442  -0.0418772  
0.946507  0.00678177  -0.0401901  
0.957995  0.00885352  -0.0394565  
0.969508  0.00736442  -0.0389859  
0.969508  0.00736442  -0.0389859  
0.969508  0.00736442  -0.0389859  
0.982299  -0.0107167  -0.0299297  
0.999517  -0.0250549  -0.022499  
0.999517  -0.0250549  -0.022499  
0.999517  -0.0250549  -0.022499  
1.02061  -0.0226045  -0.0211574  
1.0391  -0.0210129  -0.0172539  
1.04826  -0.0182901  -0.0121352  
1.04826  -0.0182901  -0.0121352  
1.03212  -0.019519  -0.0113273  
1.03212  -0.019519  -0.0113273  
1.01482  -0.021262  -0.0121934  
1.01482  -0.021262  -0.0121934  
0.991317  -0.0209964  -0.0116238  
0.97056  -0.0207503  -0.00959917  
0.97056  -0.0207503  -0.00959917  
0.97056  -0.0207503  -0.00959917  
0.945264  -0.0210343  -0.0122455  
0.927134  -0.0192067  -0.0110713  
0.913116  -0.0193276  -0.00945182  
0.913116  -0.0193276  -0.00945182  
0.913116  -0.0193276  -0.00945182  
0.898823  -0.0205567  -0.00988506  
0.88324  -0.0193832  -0.0104863  
0.88324  -0.0193832  -0.0104863  
0.872512  -0.0182965  -0.00916106  
0.872512  -0.0182965  -0.00916106  
0.872512  -0.0182965  -0.00916106  
0.860992  -0.0187733  -0.00872218  
0.847583  -0.0174882  -0.00995294  
0.847583  -0.0174882  -0.00995294  
0.834593  -0.0163187  -0.00898826  
0.834593  -0.0163187  -0.00898826  
0.834593  -0.0163187  -0.00898826  
0.808532  -0.0189084  -0.00924068  
0.808532  -0.0189084  -0.00924068  
0.794605  -0.0162696  -0.0106721  
0.794605  -0.0162696  -0.0106721  
0.782681  -0.0162435  -0.00840412  
0.765674  -0.0157776  -0.0112221  
0.765674  -0.0157776  -0.0112221  
0.765674  -0.0157776  -0.0112221  
0.750144  -0.0163861  -0.00987276  
0.750144  -0.0163861  -0.00987276  
0.715161  -0.0154618  -0.0119006  
0.715161  -0.0154618  -0.0119006  
0.694494  -0.014967  -0.0113481  
0.694494  -0.014967  -0.0113481  
0.674413  -0.0149888  -0.0105155  
0.653728  -0.0140672  -0.0119589  
0.653728  -0.0140672  -0.0119589  
0.653728  -0.0140672  -0.0119589  
0.644529  -0.0151864  -0.0104466  
0.640908  -0.0123461  -0.0100865  
0.640908  -0.0123461  -0.0100865  
0.643393  -0.00698838  -0.00664398  
0.643393  -0.00698838  -0.00664398  
0.644147  -0.00281554  -0.00288675  
0.64499  -0.00088753  -0.000149783  
0.64499  -0.00088753  -0.000149783  
0.645033  0.00378166  0.00143128  
0.653192  0.00430167  0.00427004  
0.661224  0.00746061  0.0033748  
0.661224  0.00746061  0.0033748  
0.661224  0.00746061  0.0033748  
0.661224  0.00746061  0.0033748  
0.646533  0.00478092  0.00568394  
0.646533  0.00478092  0.00568394  
0.624597  0.0038071  0.00419718  
0.641954  0.00442417  -0.000641071  
0.641954  0.00442417  -0.000641071  
0.641954  0.00442417  -0.000641071  
0.657662  0.00669688  0.00468681  
0.657662  0.00669688  0.00468681  
0.635422  0.00469382  0.00386119  
0.623654  0.00114535  0.0036703  
0.623654  0.00114535  0.0036703  
0.643714  0.00534764  0.00144912  
0.643714  0.00534764  0.00144912  
0.672985  0.00405843  0.00466877  
0.657142  0.00495852  0.00256642  
0.657142  0.00495852  0.00256642  
0.644544  -0.00105466  0.00170872  
0.644544  -0.00105466  0.00170872  
0.644544  -0.00105466  0.00170872  
0.65476  0.0046487  0.000657269  
0.64173  0.00174341  0.00294555  
0.64173  0.00174341  0.00294555  
0.650846  0.00388698  0.000736643  
0.640162  0.000251297  0.00396042  
0.640162  0.000251297  0.00396042  
0.622193  0.00156394  0.00269081  
0.622193  0.00156394  0.00269081  
0.60553  0.000609434  0.000113766  
0.618775  0.00265887  0.000427358  
0.618775  0.00265887  0.000427358  
0.605589  0.00166802  0.00253574  
0.605589  0.00166802  0.00253574  
0.605589  0.00166802  0.00253574  
0.59078  0.00157227  -0.00255267  
0.59078  0.00157227  -0.00255267  
0.59078  0.00157227  -0.00255267  
0.635332  0.00371417  0.00172929  
0.62278  0.0032645  0.00144678  
0.62278  0.0032645  0.00144678  
0.623434  -0.000341841  -0.00104392  
0.645647  0.00254118  -0.00114249  
0.645647  0.00254118  -0.00114249  
0.675619  0.00152318  0.00118118  
0.70596  0.00178758  0.000421366  
0.70596  0.00178758  0.000421366  
0.70596  0.00178758  0.000421366  
0.740132  0.00267116  0.00126177  
0.740132  0.00267116  0.00126177  
0.765541  0.00488724  0.00303091  
0.765541  0.00488724  0.00303091  
0.794104  0.00475477  0.00496389  
0.818731  0.00880137  0.0069228  
0.845163  0.00724583  0.00933044  
0.845163  0.00724583  0.00933044  
0.869752  0.0118583  0.0109499  
0.869752  0.0118583  0.0109499  
0.867525  0.0129044  0.0138951  
0.867525  0.0129044  0.0138951  
0.838431  0.0123797  0.0139296  
0.838431  0.0123797  0.0139296  
0.838431  0.0123797  0.0139296  
0.828518  0.00996911  0.0112821  
0.848514  0.0124217  0.0100925  
0.874009  0.0113425  0.0122829  
0.874009  0.0113425  0.0122829  
0.876595  0.0141768  0.013624  
0.852951  0.0129651  0.015241  
0.847343  0.0110866  0.0126506  
0.847343  0.0110866  0.0126506  
0.847343  0.0110866  0.0126506  
0.867954  0.0123725  0.0107855  
0.867954  0.0123725  0.0107855  
0.865757  0.0138651  0.0155104  
0.843204  0.0121982  0.0139882  
0.843204  0.0121982  0.0139882  
0.821596  0.0109069  0.0132399  
0.844202  0.0121852  0.0108714  
0.844202  0.0121852  0.0108714  
0.844202  0.0121852  0.0108714  
0.844202  0.0121852  0.0108714  
0.843754  0.0137746  0.0165643  
0.843754  0.0137746  0.0165643  
0.843754  0.0137746  0.0165643  
0.831105  0.0127749  0.0134048  
0.853609  0.0127507  0.0133793  
0.853609  0.0127507  0.0133793  
0.861014  0.0159021  0.0168976  
0.84216  0.0136176  0.0164504  
0.84216  0.0136176  0.0164504  
0.820636  0.0119687  0.013954  
0.820636  0.0119687  0.013954  
0.838022  0.0153868  0.0115259  
0.844229  0.0157384  0.01643  
0.844229  0.0157384  0.01643  
0.828006  0.014262  0.0142259  
0.797411  0.0126095  0.0122899  
0.797411  0.0126095  0.0122899  
0.797411  0.0126095  0.0122899  
0.812871  0.0133246  0.0115739  
0.837359  0.0136585  0.0134127  
0.861489  0.0138334  0.0133331  
0.861489  0.0138334  0.0133331  
0.861489  0.0138334  0.0133331  
0.889094  0.0143954  0.0179294  
0.910911  0.015327  0.0186594  
0.9411  0.0164239  0.0209134  
0.9411  0.0164239  0.0209134  
0.9411  0.0164239  0.0209134  
0.969835  0.0181882  0.0264047  
0.969835  0.0181882  0.0264047  
0.995834  0.0194526  0.0257163  
0.995834  0.0194526  0.0257163  
1.0608  0.0225433  0.0295106  
1.0608  0.0225433  0.0295106  
1.0608  0.0225433  0.0295106  
1.09575  0.02236  0.031396  
1.13208  0.0226521  0.0326449  
1.13208  0.0226521  0.0326449  
1.16724  0.0232785  0.0320157  
1.20771  0.0230249  0.0333974  
1.20771  0.0230249  0.0333974  
1.20771  0.0230249  0.0333974  
1.25024  0.0234417  0.0350225  
1.25024  0.0234417  0.0350225  
1.29611  0.0228079  0.036193  
1.29611  0.0228079  0.036193  
1.3427  0.0236318  0.038761  
1.38894  0.0248618  0.0410196  
1.38894  0.0248618  0.0410196  
1.43206  0.0250693  0.0417183  
1.43206  0.0250693  0.0417183  
1.47677  0.025103  0.0449882  
