   2.828  -2.356   1.571    -0.7854    -0.7854  0.2257 -0.2257       1
   2.833  -2.355    1.57    -0.7831    -0.7865  0.2251 -0.2251       1
   2.833  -2.355    1.57    -0.7831    -0.7865  0.2251 -0.2251       1
   2.833  -2.355    1.57    -0.7831    -0.7865  0.2251 -0.2251       1
   2.833  -2.355   1.569     -0.783    -0.7863  0.2251 -0.2251       1
   2.832  -2.355   1.569    -0.7826    -0.7867  0.2249 -0.2249       1
   2.832  -2.355   1.569    -0.7826    -0.7867  0.2249 -0.2249       1
   2.832  -2.355   1.569    -0.7826    -0.7867  0.2249 -0.2249       1
   2.832  -2.355   1.569    -0.7826    -0.7867  0.2249 -0.2249       1
   2.833  -2.355   1.569    -0.7827    -0.7862  0.2249 -0.2249       1
   2.833  -2.355   1.569    -0.7823    -0.7866  0.2249 -0.2249       1
   2.833  -2.355   1.569    -0.7823    -0.7866  0.2249 -0.2249       1
   2.832  -2.355   1.569    -0.7825    -0.7864  0.2249 -0.2249       1
   2.832  -2.355   1.569    -0.7825    -0.7864  0.2249 -0.2249       1
   2.832  -2.355   1.569    -0.7825    -0.7864  0.2249 -0.2249       1
   2.833  -2.355   1.568     -0.782    -0.7864  0.2247 -0.2247       1
   2.833  -2.355    1.57    -0.7827    -0.7869   0.225  -0.225       1
   2.833  -2.355    1.57    -0.7827    -0.7869   0.225  -0.225       1
   2.833  -2.355    1.57    -0.7827    -0.7869   0.225  -0.225       1
   2.834  -2.355   1.569    -0.7817    -0.7868  0.2247 -0.2247       1
   2.833  -2.355   1.569    -0.7828    -0.7865   0.225  -0.225       1
   2.833  -2.355   1.569    -0.7828    -0.7865   0.225  -0.225       1
   2.834  -2.356   1.569    -0.7827    -0.7859   0.225  -0.225       1
   2.833  -2.355   1.569     -0.783    -0.7862  0.2251 -0.2251       1
   2.833  -2.355   1.569     -0.783    -0.7862  0.2251 -0.2251       1
   2.833  -2.355   1.569     -0.783    -0.7862  0.2251 -0.2251       1
   2.832  -2.355   1.569    -0.7825    -0.7868  0.2249 -0.2249       1
   2.832  -2.355   1.569    -0.7825    -0.7868  0.2249 -0.2249       1
   2.832  -2.355   1.569    -0.7825    -0.7863  0.2249 -0.2249       1
   2.833  -2.356   1.569    -0.7829    -0.7858   0.225  -0.225       1
   2.833  -2.356   1.569    -0.7829    -0.7858   0.225  -0.225       1
   2.833  -2.355   1.569    -0.7825    -0.7862  0.2249 -0.2249       1
   2.833  -2.355   1.569    -0.7825    -0.7862  0.2249 -0.2249       1
   2.833  -2.355   1.569    -0.7829    -0.7861   0.225  -0.225       1
   2.833  -2.355   1.569    -0.7829    -0.7861   0.225  -0.225       1
   2.832  -2.355   1.569    -0.7828    -0.7862   0.225  -0.225       1
   2.832  -2.355   1.569    -0.7828    -0.7862   0.225  -0.225       1
   2.832  -2.355   1.569    -0.7828    -0.7862   0.225  -0.225       1
   2.832  -2.355    1.57    -0.7827    -0.7869   0.225  -0.225       1
   2.833  -2.355   1.569    -0.7826    -0.7865  0.2249 -0.2249       1
   2.833  -2.355   1.569    -0.7826    -0.7865  0.2249 -0.2249       1
   2.833  -2.355   1.569    -0.7826    -0.7865  0.2249 -0.2249       1
   2.834  -2.356   1.568    -0.7826    -0.7859  0.2249 -0.2249       1
   2.834  -2.356   1.568    -0.7826    -0.7859  0.2249 -0.2249       1
   2.833  -2.355   1.569     -0.782    -0.7866  0.2248 -0.2248       1
   2.833  -2.356   1.568    -0.7825    -0.7859  0.2249 -0.2249       1
   2.833  -2.356   1.568    -0.7825    -0.7859  0.2249 -0.2249       1
   2.833  -2.355   1.569    -0.7826    -0.7864  0.2249 -0.2249       1
   2.833  -2.355   1.569    -0.7826    -0.7864  0.2249 -0.2249       1
   2.833  -2.355   1.569    -0.7824    -0.7867  0.2249 -0.2249       1
   2.833  -2.355   1.569    -0.7826    -0.7868  0.2249 -0.2249       1
   2.832  -2.355   1.569    -0.7828    -0.7863   0.225  -0.225       1
   2.832  -2.355   1.569    -0.7828    -0.7863   0.225  -0.225       1
   2.832  -2.355   1.569    -0.7828    -0.7863   0.225  -0.225       1
   2.831  -2.355   1.563     -0.777    -0.7862  0.2233 -0.2233       1
   2.833  -2.356   1.553    -0.7673    -0.7858  0.2205 -0.2205       1
   2.833  -2.356   1.553    -0.7673    -0.7858  0.2205 -0.2205       1
   2.833  -2.356   1.553    -0.7673    -0.7858  0.2205 -0.2205       1
   2.831  -2.355   1.538    -0.7508    -0.7869  0.2158 -0.2158       1
    2.83  -2.356   1.515    -0.7286    -0.7859  0.2094 -0.2094       1
   2.832  -2.356   1.494    -0.7083    -0.7861  0.2036 -0.2036       1
   2.832  -2.356   1.494    -0.7083    -0.7861  0.2036 -0.2036       1
   2.832  -2.356   1.494    -0.7083    -0.7861  0.2036 -0.2036       1
   2.832  -2.356   1.494    -0.7083    -0.7861  0.2036 -0.2036       1
   2.832  -2.356   1.494    -0.7083    -0.7861  0.2036 -0.2036       1
    2.83  -2.355   1.441    -0.6541    -0.7866   0.188  -0.188       1
   2.833  -2.356   1.409    -0.6238    -0.7856  0.1793 -0.1793       1
   2.833  -2.356   1.409    -0.6238    -0.7856  0.1793 -0.1793       1
   2.833  -2.356   1.409    -0.6238    -0.7856  0.1793 -0.1793       1
   2.831  -2.356   1.376    -0.5904    -0.7852  0.1697 -0.1697       1
    2.83  -2.357   1.342    -0.5571    -0.7846  0.1601 -0.1601       1
    2.83  -2.357   1.342    -0.5571    -0.7846  0.1601 -0.1601       1
   2.829  -2.356   1.309    -0.5236    -0.7852  0.1505 -0.1505       1
   2.829  -2.356   1.309    -0.5236    -0.7852  0.1505 -0.1505       1
   2.829  -2.356   1.274     -0.489    -0.7854  0.1405 -0.1405       1
   2.828  -2.357   1.237    -0.4521     -0.785  0.1299 -0.1299       1
   2.828  -2.357   1.237    -0.4521     -0.785  0.1299 -0.1299       1
   2.828  -2.357   1.237    -0.4521     -0.785  0.1299 -0.1299       1
   2.825  -2.357   1.201     -0.416    -0.7845  0.1196 -0.1196       1
   2.825  -2.357   1.201     -0.416    -0.7845  0.1196 -0.1196       1
   2.824  -2.358   1.165    -0.3811    -0.7841  0.1095 -0.1095       1
   2.823  -2.357   1.131    -0.3466    -0.7845 0.09961-0.09961       1
   2.823  -2.357   1.131    -0.3466    -0.7845 0.09961-0.09961       1
   2.822  -2.357     1.1    -0.3152    -0.7846 0.09059-0.09059       1
   2.822  -2.357     1.1    -0.3152    -0.7846 0.09059-0.09059       1
   2.822  -2.357     1.1    -0.3152    -0.7846 0.09059-0.09059       1
   2.821  -2.358   1.069    -0.2847    -0.7838 0.08184-0.08184       1
   2.819  -2.357   1.038    -0.2539    -0.7842   1.446   1.373       2
   2.816  -2.359   1.009    -0.2264    -0.7829   1.441   1.375       2
   2.816  -2.358  0.9833    -0.1996    -0.7837   1.437   1.379       2
   2.816  -2.358  0.9833    -0.1996    -0.7837   1.437   1.379       2
   2.816  -2.358  0.9833    -0.1996    -0.7837   1.437   1.379       2
   2.816  -2.358  0.9833    -0.1996    -0.7837   1.437   1.379       2
   2.803   -2.36  0.9302    -0.1482    -0.7819   1.423    1.38       2
   2.803   -2.36  0.9302    -0.1482    -0.7819   1.423    1.38       2
    2.78  -2.361  0.9103    -0.1297    -0.7805   1.409   1.372       2
    2.78  -2.361  0.9103    -0.1297    -0.7805   1.409   1.372       2
    2.78  -2.361  0.9103    -0.1297    -0.7805   1.409   1.372       2
   2.749  -2.363  0.8947    -0.1161    -0.7786   1.391   1.358       2
   2.712  -2.365  0.8837     -0.107    -0.7766   1.372   1.341       2
   2.675  -2.367  0.8742   -0.09988    -0.7744   1.352   1.323       2
   2.675  -2.367  0.8742   -0.09988    -0.7744   1.352   1.323       2
   2.675  -2.367  0.8742   -0.09988    -0.7744   1.352   1.323       2
   2.638  -2.369  0.8658   -0.09348    -0.7724   1.332   1.305       2
   2.638  -2.369  0.8658   -0.09348    -0.7724   1.332   1.305       2
   2.599  -2.371   0.859   -0.08795    -0.7711   1.312   1.287       2
   2.558  -2.373  0.8517   -0.08338    -0.7683   1.291   1.267       2
   2.558  -2.373  0.8517   -0.08338    -0.7683   1.291   1.267       2
   2.558  -2.373  0.8517   -0.08338    -0.7683   1.291   1.267       2
   2.522  -2.374   0.846   -0.07814    -0.7679   1.272    1.25       2
   2.478  -2.376  0.8398   -0.07456    -0.7652    1.25   1.228       2
   2.478  -2.376  0.8398   -0.07456    -0.7652    1.25   1.228       2
   2.438  -2.379  0.8339    -0.0708    -0.7631   1.229   1.209       2
   2.402  -2.382  0.8256   -0.06611    -0.7595    1.21   1.191       2
   2.402  -2.382  0.8256   -0.06611    -0.7595    1.21   1.191       2
   2.357  -2.384  0.8156   -0.05824    -0.7573   1.187    1.17       2
   2.357  -2.384  0.8156   -0.05824    -0.7573   1.187    1.17       2
   2.318  -2.387  0.8072    -0.0526    -0.7546   1.167   1.152       2
   2.318  -2.387  0.8072    -0.0526    -0.7546   1.167   1.152       2
   2.318  -2.387  0.8072    -0.0526    -0.7546   1.167   1.152       2
   2.282  -2.387  0.7967    -0.0425    -0.7542   1.147   1.135       2
   2.243   -2.39  0.7892   -0.03788    -0.7513   1.127   1.116       2
   2.243   -2.39  0.7892   -0.03788    -0.7513   1.127   1.116       2
   2.204  -2.391  0.7791    -0.0289    -0.7502   1.106   1.098       2
   2.204  -2.391  0.7791    -0.0289    -0.7502   1.106   1.098       2
   2.166  -2.393   0.769   -0.02043    -0.7486   1.086    1.08       2
   2.129  -2.394  0.7589   -0.01171    -0.7472   1.066   1.063       2
   2.129  -2.394  0.7589   -0.01171    -0.7472   1.066   1.063       2
   2.089  -2.397  0.7526  -0.007999    -0.7446   1.046   1.043       2
   2.089  -2.397  0.7526  -0.007999    -0.7446   1.046   1.043       2
   2.053  -2.397  0.7513  -0.006957    -0.7444   1.028   1.026       2
   2.017  -2.396  0.7542  -0.008541    -0.7456    1.01   1.007       2
   2.017  -2.396  0.7542  -0.008541    -0.7456    1.01   1.007       2
   1.981  -2.398  0.7624   -0.01832    -0.7441  0.9932  0.9879       2
   1.981  -2.398  0.7624   -0.01832    -0.7441  0.9932  0.9879       2
   1.981  -2.398  0.7624   -0.01832    -0.7441  0.9932  0.9879       2
   1.944  -2.398  0.7725   -0.02843    -0.7441  0.9759  0.9678       2
   1.911  -2.397  0.7836    -0.0391    -0.7445   0.961  0.9498       2
   1.911  -2.397  0.7836    -0.0391    -0.7445   0.961  0.9498       2
   1.878  -2.398  0.7918   -0.04796    -0.7439  0.9461  0.9324       2
   1.878  -2.398  0.7918   -0.04796    -0.7439  0.9461  0.9324       2
   1.878  -2.398  0.7918   -0.04796    -0.7439  0.9461  0.9324       2
   1.878  -2.398  0.7918   -0.04796    -0.7439  0.9461  0.9324       2
   1.844  -2.402  0.7949   -0.05566    -0.7392  0.9299  0.9139       2
   1.809  -2.402  0.7935   -0.05378    -0.7397   0.912  0.8966       2
   1.779  -2.404  0.7923   -0.05515    -0.7372  0.8977  0.8818       2
   1.779  -2.404  0.7923   -0.05515    -0.7372  0.8977  0.8818       2
    1.75  -2.403  0.7886   -0.05017    -0.7384  0.8822  0.8677       2
   1.716   -2.41  0.7824   -0.05057    -0.7319  0.8655   0.851       2
   1.716   -2.41  0.7824   -0.05057    -0.7319  0.8655   0.851       2
   1.716   -2.41  0.7824   -0.05057    -0.7319  0.8655   0.851       2
   1.687  -2.409  0.7728   -0.04025    -0.7326  0.8495  0.8379       2
   1.657  -2.412  0.7672   -0.03783    -0.7293  0.8337  0.8228       2
   1.657  -2.412  0.7672   -0.03783    -0.7293  0.8337  0.8228       2
   1.627  -2.412  0.7623   -0.03307    -0.7292  0.8184  0.8089       2
     1.6  -2.414  0.7619   -0.03465    -0.7273  0.8049  0.7949       2
     1.6  -2.414  0.7619   -0.03465    -0.7273  0.8049  0.7949       2
     1.6  -2.414  0.7619   -0.03465    -0.7273  0.8049  0.7949       2
   1.572  -2.416  0.7624    -0.0369    -0.7255  0.7914  0.7807       2
   1.546  -2.418  0.7575   -0.03414    -0.7234  0.7777  0.7679       2
   1.524  -2.419   0.751   -0.02833    -0.7227  0.7659  0.7577       2
   1.524  -2.419   0.751   -0.02833    -0.7227  0.7659  0.7577       2
   1.501  -2.418  0.7421   -0.01846    -0.7237  0.7531  0.7478       2
   1.501  -2.418  0.7421   -0.01846    -0.7237  0.7531  0.7478       2
    1.48  -2.421  0.7353   -0.01417    -0.7211   0.742  0.7379       2
    1.48  -2.421  0.7353   -0.01417    -0.7211   0.742  0.7379       2
    1.46   -2.42  0.7268  -0.005042    -0.7218  0.7308  0.7293       2
    1.46   -2.42  0.7268  -0.005042    -0.7218  0.7308  0.7293       2
   1.438  -2.421  0.7195    0.00144    -0.7209  0.7189  0.7193       2
   1.438  -2.421  0.7195    0.00144    -0.7209  0.7189  0.7193       2
   1.418   -2.42  0.7149   0.006612    -0.7215  0.7081    0.71       2
   1.418   -2.42  0.7149   0.006612    -0.7215  0.7081    0.71       2
   1.396   -2.42  0.7128   0.008715    -0.7215  0.6968  0.6993       2
   1.374  -2.419  0.7096    0.01318    -0.7228  0.6852   0.689       2
   1.374  -2.419  0.7096    0.01318    -0.7228  0.6852   0.689       2
   1.354   -2.42  0.7058     0.0158    -0.7216  0.6745  0.6791       2
   1.354   -2.42  0.7058     0.0158    -0.7216  0.6745  0.6791       2
   1.322  -2.418  0.6988    0.02484    -0.7237  0.6572  0.6643       2
   1.322  -2.418  0.6988    0.02484    -0.7237  0.6572  0.6643       2
   1.301  -2.415  0.6915    0.03474    -0.7263  0.6454  0.6554       2
    1.28  -2.417  0.6877    0.03734     -0.725  0.6346  0.6453       2
    1.28  -2.417  0.6877    0.03734     -0.725  0.6346  0.6453       2
   1.261  -2.415  0.6843    0.04273    -0.7271  0.6242  0.6365       2
   1.261  -2.415  0.6843    0.04273    -0.7271  0.6242  0.6365       2
   1.242  -2.414  0.6823    0.04488    -0.7272  0.6144  0.6273       2
   1.242  -2.414  0.6823    0.04488    -0.7272  0.6144  0.6273       2
   1.224  -2.414  0.6789     0.0485    -0.7274  0.6051   0.619       2
   1.224  -2.414  0.6789     0.0485    -0.7274  0.6051   0.619       2
   1.207  -2.414   0.676    0.05206    -0.7281  0.5958  0.6107       2
    1.19  -2.415  0.6724    0.05415    -0.7266  0.5871  0.6026       2
    1.19  -2.415  0.6724    0.05415    -0.7266  0.5871  0.6026       2
   1.172  -2.413  0.6685     0.0602    -0.7287  0.5776  0.5949       2
   1.172  -2.413  0.6685     0.0602    -0.7287  0.5776  0.5949       2
   1.153  -2.412  0.6669    0.06228    -0.7292  0.5675  0.5854       2
   1.153  -2.412  0.6669    0.06228    -0.7292  0.5675  0.5854       2
   1.153  -2.412  0.6669    0.06228    -0.7292  0.5675  0.5854       2
   1.135   -2.41  0.6665    0.06466    -0.7312  0.5581  0.5767       2
   1.117   -2.41  0.6658    0.06624     -0.732  0.5491  0.5682       2
   1.117   -2.41  0.6658    0.06624     -0.732  0.5491  0.5682       2
     1.1  -2.407  0.6656    0.06874    -0.7343    0.54  0.5598       2
   1.082  -2.407  0.6657    0.06895    -0.7346  0.5311   0.551       2
   1.082  -2.407  0.6657    0.06895    -0.7346  0.5311   0.551       2
   1.065  -2.406  0.6656    0.07034     -0.736  0.5222  0.5425       2
   1.065  -2.406  0.6656    0.07034     -0.736  0.5222  0.5425       2
   1.048  -2.405  0.6649    0.07207     -0.737  0.5135  0.5342       2
   1.048  -2.405  0.6649    0.07207     -0.737  0.5135  0.5342       2
   1.048  -2.405  0.6649    0.07207     -0.737  0.5135  0.5342       2
   1.029  -2.404   0.665     0.0725    -0.7375  0.5042   0.525       2
   1.013  -2.404  0.6642    0.07384    -0.7381   0.496  0.5172       2
   1.013  -2.404  0.6642    0.07384    -0.7381   0.496  0.5172       2
  0.9989  -2.403  0.6646    0.07439     -0.739   0.693  0.7055       3
  0.9989  -2.403  0.6646    0.07439     -0.739   0.693  0.7055       3
  0.9821  -2.402  0.6617    0.07758    -0.7393  0.6808  0.6941       3
  0.9655  -2.401  0.6615    0.07938    -0.7409   0.669  0.6828       3
  0.9655  -2.401  0.6615    0.07938    -0.7409   0.669  0.6828       3
  0.9655  -2.401  0.6615    0.07938    -0.7409   0.669  0.6828       3
  0.9489    -2.4   0.661    0.08037    -0.7413  0.6572  0.6713       3
   0.928  -2.401  0.6582    0.08206    -0.7403  0.6423  0.6569       3
   0.928  -2.401  0.6582    0.08206    -0.7403  0.6423  0.6569       3
   0.928  -2.401  0.6582    0.08206    -0.7403  0.6423  0.6569       3
  0.9082  -2.401  0.6543     0.0863    -0.7406  0.6279  0.6436       3
  0.8894  -2.396  0.6536    0.09192    -0.7456   0.614  0.6311       3
  0.8698  -2.395  0.6544    0.09178    -0.7462  0.6003  0.6174       3
  0.8698  -2.395  0.6544    0.09178    -0.7462  0.6003  0.6174       3
  0.8521  -2.391  0.6567    0.09354    -0.7503  0.5877  0.6052       3
  0.8521  -2.391  0.6567    0.09354    -0.7503  0.5877  0.6052       3
  0.8521  -2.391  0.6567    0.09354    -0.7503  0.5877  0.6052       3
  0.8332   -2.39  0.6597    0.09178    -0.7514  0.5747  0.5918       3
  0.8143   -2.39  0.6619    0.08948    -0.7513  0.5618  0.5782       3
  0.8143   -2.39  0.6619    0.08948    -0.7513  0.5618  0.5782       3
  0.7967  -2.389  0.6599    0.09242    -0.7523  0.5491  0.5663       3
  0.7967  -2.389  0.6599    0.09242    -0.7523  0.5491  0.5663       3
  0.7967  -2.389  0.6599    0.09242    -0.7523  0.5491  0.5663       3
  0.7967  -2.389  0.6599    0.09242    -0.7523  0.5491  0.5663       3
  0.7782   -2.39  0.6598    0.09221     -0.752  0.5362  0.5533       3
  0.7608  -2.387  0.6579    0.09638    -0.7542  0.5234  0.5417       3
  0.7408  -2.386   0.658    0.09778    -0.7558  0.5093  0.5279       3
  0.7408  -2.386   0.658    0.09778    -0.7558  0.5093  0.5279       3
   0.723  -2.382  0.6577      0.102    -0.7597  0.4963   0.516       3
   0.723  -2.382  0.6577      0.102    -0.7597  0.4963   0.516       3
  0.7053  -2.381   0.659     0.1019    -0.7609  0.4839  0.5035       3
  0.6863  -2.377  0.6583     0.1061    -0.7644    0.47  0.4908       3
  0.6863  -2.377  0.6583     0.1061    -0.7644    0.47  0.4908       3
  0.6863  -2.377  0.6583     0.1061    -0.7644    0.47  0.4908       3
  0.6688  -2.378  0.6584     0.1055    -0.7639  0.4579  0.4785       3
  0.6522  -2.376  0.6574     0.1082    -0.7655  0.4459  0.4672       3
  0.6522  -2.376  0.6574     0.1082    -0.7655  0.4459  0.4672       3
  0.6357  -2.373  0.6562     0.1119    -0.7681  0.4339  0.4561       3
  0.6182   -2.37  0.6559     0.1156    -0.7715  0.4211  0.4443       3
  0.6182   -2.37  0.6559     0.1156    -0.7715  0.4211  0.4443       3
  0.6182   -2.37  0.6559     0.1156    -0.7715  0.4211  0.4443       3
  0.6022  -2.368  0.6565     0.1174    -0.7739  0.4097  0.4334       3
  0.5849  -2.366  0.6565     0.1192    -0.7758  0.3973  0.4215       3
  0.5705  -2.363  0.6573     0.1216    -0.7789  0.3869  0.4117       3
  0.5705  -2.363  0.6573     0.1216    -0.7789  0.3869  0.4117       3
  0.5705  -2.363  0.6573     0.1216    -0.7789  0.3869  0.4117       3
  0.5553  -2.359  0.6591     0.1236    -0.7827   0.376  0.4013       3
  0.5553  -2.359  0.6591     0.1236    -0.7827   0.376  0.4013       3
  0.5386  -2.355   0.662     0.1246    -0.7866  0.3643  0.3897       3
  0.5224  -2.357  0.6624      0.122    -0.7844  0.3533  0.3781       3
  0.5224  -2.357  0.6624      0.122    -0.7844  0.3533  0.3781       3
  0.5051  -2.354  0.6601     0.1272    -0.7873  0.3405  0.3667       3
  0.4891   -2.35  0.6597     0.1323     -0.792  0.3286  0.3561       3
  0.4891   -2.35  0.6597     0.1323     -0.792  0.3286  0.3561       3
  0.4891   -2.35  0.6597     0.1323     -0.792  0.3286  0.3561       3
  0.4744   -2.35  0.6597     0.1321    -0.7918  0.3184  0.3458       3
  0.4596  -2.348  0.6586     0.1352    -0.7938  0.3076  0.3359       3
  0.4596  -2.348  0.6586     0.1352    -0.7938  0.3076  0.3359       3
  0.4458  -2.346  0.6565     0.1394    -0.7959  0.2974  0.3268       3
  0.4328  -2.341  0.6564     0.1441    -0.8005  0.2877  0.3183       3
  0.4328  -2.341  0.6564     0.1441    -0.8005  0.2877  0.3183       3
  0.4328  -2.341  0.6564     0.1441    -0.8005  0.2877  0.3183       3
  0.4188  -2.336  0.6578      0.148    -0.8058  0.2774   0.309       3
  0.4045  -2.331  0.6579     0.1524    -0.8104  0.2668  0.2995       3
  0.4045  -2.331  0.6579     0.1524    -0.8104  0.2668  0.2995       3
  0.4045  -2.331  0.6579     0.1524    -0.8104  0.2668  0.2995       3
  0.4045  -2.331  0.6579     0.1524    -0.8104  0.2668  0.2995       3
  0.3781  -2.329  0.6569     0.1557    -0.8126  0.2479  0.2814       3
  0.3781  -2.329  0.6569     0.1557    -0.8126  0.2479  0.2814       3
  0.3781  -2.329  0.6569     0.1557    -0.8126  0.2479  0.2814       3
  0.3781  -2.329  0.6569     0.1557    -0.8126  0.2479  0.2814       3
   0.353  -2.313  0.6581     0.1708    -0.8289  0.2284  0.2659       3
   0.353  -2.313  0.6581     0.1708    -0.8289  0.2284  0.2659       3
  0.3402  -2.307  0.6609     0.1733    -0.8342  0.2191  0.2572       3
  0.3283  -2.303   0.663     0.1752    -0.8382  0.2105  0.2491       3
  0.3283  -2.303   0.663     0.1752    -0.8382  0.2105  0.2491       3
  0.3283  -2.303   0.663     0.1752    -0.8382  0.2105  0.2491       3
  0.3174  -2.297  0.6668     0.1782     -0.845  0.2026  0.2418       3
  0.3059  -2.291  0.6693     0.1817    -0.8511   0.194  0.2342       3
  0.3059  -2.291  0.6693     0.1817    -0.8511   0.194  0.2342       3
  0.2945  -2.288  0.6697      0.184    -0.8536  0.1858  0.2265       3
  0.2945  -2.288  0.6697      0.184    -0.8536  0.1858  0.2265       3
  0.2844   -2.28   0.672     0.1894    -0.8615  0.1781  0.2202       3
  0.2844   -2.28   0.672     0.1894    -0.8615  0.1781  0.2202       3
  0.2719  -2.277  0.6718     0.1929    -0.8647  0.1689  0.2119       3
  0.2611  -2.272  0.6717     0.1982    -0.8699  0.1606   0.205       3
  0.2611  -2.272  0.6717     0.1982    -0.8699  0.1606   0.205       3
  0.2507  -2.264  0.6731     0.2044    -0.8775  0.1525  0.1985       3
  0.2507  -2.264  0.6731     0.2044    -0.8775  0.1525  0.1985       3
  0.2398  -2.256  0.6745     0.2107    -0.8852  0.1441  0.1917       3
  0.2398  -2.256  0.6745     0.2107    -0.8852  0.1441  0.1917       3
  0.2301  -2.244  0.6795     0.2178    -0.8974  0.1364  0.1857       3
  0.2188  -2.225  0.6846     0.2324     -0.917  0.1266  0.1797       3
  0.2188  -2.225  0.6846     0.2324     -0.917  0.1266  0.1797       3
  0.2188  -2.225  0.6846     0.2324     -0.917  0.1266  0.1797       3
  0.2051  -2.219  0.6888     0.2334    -0.9222   0.117  0.1702       3
  0.1941  -2.207   0.692     0.2426    -0.9346  0.1081  0.1636       3
  0.1941  -2.207   0.692     0.2426    -0.9346  0.1081  0.1636       3
  0.1858    -2.2  0.6965     0.2454     -0.942  0.1019  0.1581       3
  0.1759   -2.18  0.6995     0.2619    -0.9614 0.09291  0.1533       3
  0.1759   -2.18  0.6995     0.2619    -0.9614 0.09291  0.1533       3
  0.1759   -2.18  0.6995     0.2619    -0.9614 0.09291  0.1533       3
  0.1677  -2.165  0.7025     0.2739    -0.9764 0.08566  0.1491       3
  0.1677  -2.165  0.7025     0.2739    -0.9764 0.08566  0.1491       3
  0.1578  -2.157  0.7056      0.279    -0.9846 0.07807  0.1428       3
  0.1483  -2.146  0.7082     0.2872    -0.9954 0.07044  0.1372       3
  0.1483  -2.146  0.7082     0.2872    -0.9954 0.07044  0.1372       3
  0.1385  -2.128  0.7112      0.302     -1.013 0.06167  0.1322       3
  0.1308  -2.105  0.7122     0.3249     -1.037 0.05342  0.1297       3
  0.1308  -2.105  0.7122     0.3249     -1.037 0.05342  0.1297       3
  0.1308  -2.105  0.7122     0.3249     -1.037 0.05342  0.1297       3
  0.1308  -2.105  0.7122     0.3249     -1.037 0.05342  0.1297       3
  0.1215  -2.091  0.7148     0.3362     -1.051  0.0455  0.1246       3
  0.1124  -2.061  0.7209     0.3599     -1.081 0.03616  0.1212       3
  0.1124  -2.061  0.7209     0.3599     -1.081 0.03616  0.1212       3
  0.1059  -2.023  0.7246     0.3944     -1.119 0.02727   0.121       3
 0.09709  -1.994  0.7298     0.4176     -1.147 0.01824  0.1177       3
 0.09709  -1.994  0.7298     0.4176     -1.147 0.01824  0.1177       3
 0.09002  -1.942  0.7365     0.4633       -1.20.007648  0.1184       3
 0.09002  -1.942  0.7365     0.4633       -1.20.007648  0.1184       3
 0.08283  -1.901  0.7454     0.4953     -1.241-0.001286  0.1173       3
 0.07544  -1.835   0.751     0.5555     -1.307-0.01378  0.1194       3
 0.07544  -1.835   0.751     0.5555     -1.307-0.01378  0.1194       3
 0.06899  -1.758  0.7579     0.6257     -1.384 -0.0267  0.1233       3
 0.06899  -1.758  0.7579     0.6257     -1.384 -0.0267  0.1233       3
 0.06282  -1.687  0.7639     0.6905     -1.454-0.03863  0.1266       3
 0.05977  -1.626  0.7884     0.7272     -1.516 -0.0449  0.1286       3
 0.05977  -1.626  0.7884     0.7272     -1.516 -0.0449  0.1286       3
 0.05801  -1.555  0.8224     0.7638     -1.586-0.05015  0.1314       3
 0.05801  -1.555  0.8224     0.7638     -1.586-0.05015  0.1314       3
 0.05801  -1.555  0.8224     0.7638     -1.586-0.05015  0.1314       3
 0.05193  -1.582  0.8509     0.7089      -1.56-0.04795  0.1206       3
 0.05203  -1.534  0.8712     0.7361     -1.607-0.05091  0.1238       3
 0.04694  -1.527  0.8879     0.7264     -1.614-0.05328   0.119       3
 0.04694  -1.527  0.8879     0.7264     -1.614-0.05328   0.119       3
 0.04694  -1.527  0.8879     0.7264     -1.614-0.05328   0.119       3
 0.04739  -1.477  0.9048     0.7595     -1.664-0.05667   0.123       3
 0.04452  -1.433  0.9193      0.789     -1.708-0.06196  0.1243       3
 0.04222  -1.444  0.9336     0.7641     -1.698-0.06067  0.1198       3
 0.04222  -1.444  0.9336     0.7641     -1.698-0.06067  0.1198       3
 0.04222  -1.444  0.9336     0.7641     -1.698-0.06067  0.1198       3
 0.04076  -1.404  0.9465     0.7915     -1.738-0.06473  0.1218       3
 0.04044   -1.35   0.958     0.8335     -1.792-0.06961  0.1262       3
 0.03968  -1.384  0.9695      0.788     -1.757-0.06497  0.1205       3
 0.03968  -1.384  0.9695      0.788     -1.757-0.06497  0.1205       3
 0.03968  -1.384  0.9695      0.788     -1.757-0.06497  0.1205       3
 0.03179  -1.915  0.9823     0.2447     -1.227-0.004297  0.0488       3
 0.03367   -2.41  0.9995    -0.2678    -0.7317 0.06324-0.01609       3
 0.03367   -2.41  0.9995    -0.2678    -0.7317 0.06324-0.01609       3
 0.03367   -2.41  0.9995    -0.2678    -0.7317 0.06324-0.01609       3
 0.03096  -2.389   1.021    -0.2683    -0.7523  0.0615-0.01816       3
 0.02719  -2.454   1.039    -0.3516    -0.6875 0.06955-0.03148       3
 0.02195  -2.556   1.048    -0.4625    -0.5858 0.07981-0.04908       3
 0.02195  -2.556   1.048    -0.4625    -0.5858 0.07981-0.04908       3
 0.02257  -2.616   1.032    -0.5063    -0.5258 0.08557-0.05398       3
 0.02257  -2.616   1.032    -0.5063    -0.5258 0.08557-0.05398       3
 0.02451  -2.621   1.015    -0.4941    -0.5207 0.08534-0.05103       3
 0.02451  -2.621   1.015    -0.4941    -0.5207 0.08534-0.05103       3
   0.024  -2.636  0.9913    -0.4857    -0.5056 0.08383-0.05023       3
 0.02286  -2.708  0.9706    -0.5373    -0.4333 0.08925-0.05724       3
 0.02286  -2.708  0.9706    -0.5373    -0.4333 0.08925-0.05724       3
 0.02286  -2.708  0.9706    -0.5373    -0.4333 0.08925-0.05724       3
 0.02434  -2.614  0.9453    -0.4181    -0.5272 0.07542-0.04135       3
 0.02217  -2.619  0.9271    -0.4042    -0.5229 0.07208-0.04104       3
 0.02151  -2.687  0.9131    -0.4583    -0.4548 0.07829-0.04817       3
 0.02151  -2.687  0.9131    -0.4583    -0.4548 0.07829-0.04817       3
 0.02151  -2.687  0.9131    -0.4583    -0.4548 0.07829-0.04817       3
 0.02281  -2.693  0.8988    -0.4506    -0.4482 0.07817-0.04624       3
 0.02204  -2.646  0.8832    -0.3873    -0.4959 0.06964-0.03879       3
 0.02204  -2.646  0.8832    -0.3873    -0.4959 0.06964-0.03879       3
 0.02046  -2.677  0.8725    -0.4083    -0.4642 0.07112-0.04247       3
 0.02046  -2.677  0.8725    -0.4083    -0.4642 0.07112-0.04247       3
 0.02046  -2.677  0.8725    -0.4083    -0.4642 0.07112-0.04247       3
  0.0207  -2.707   0.861    -0.4261    -0.4349 0.07344-0.04446       3
 0.02012  -2.624  0.8476    -0.3302    -0.5174 0.06091-0.03274       3
 0.02012  -2.624  0.8476    -0.3302    -0.5174 0.06091-0.03274       3
 0.01863  -2.638  0.8346    -0.3311    -0.5035 0.05992-0.03383       3
 0.01863  -2.638  0.8346    -0.3311    -0.5035 0.05992-0.03383       3
 0.01863  -2.638  0.8346    -0.3311    -0.5035 0.05992-0.03383       3
 0.02105  -2.687  0.8085     -0.354    -0.4546 0.06436 -0.0349       3
 0.02105  -2.687  0.8085     -0.354    -0.4546 0.06436 -0.0349       3
 0.01946  -2.561  0.7946    -0.2141    -0.5805 0.04535-0.01811       3
 0.01946  -2.561  0.7946    -0.2141    -0.5805 0.04535-0.01811       3
 0.01829  -2.664  0.7827    -0.3052    -0.4775 0.05612-0.03052       3
 0.01936  -2.523  0.7657    -0.1474    -0.6182 0.03655-0.009446       3
 0.01936  -2.523  0.7657    -0.1474    -0.6182 0.03655-0.009446       3
 0.01936  -2.523  0.7657    -0.1474    -0.6182 0.03655-0.009446       3
 0.01913  -2.599  0.7501    -0.2079    -0.5423  0.0441-0.01732       3
 0.01913  -2.599  0.7501    -0.2079    -0.5423  0.0441-0.01732       3
 0.01951  -2.486  0.7152   -0.05918     -0.656 0.02499 0.00233       3
 0.01951  -2.486  0.7152   -0.05918     -0.656 0.02499 0.00233       3
 0.01878  -2.493  0.6945   -0.04576    -0.6487 0.022630.003665       3
 0.01878  -2.493  0.6945   -0.04576    -0.6487 0.022630.003665       3
 0.01831   -2.53  0.6744   -0.06264    -0.6118 0.024380.001249       3
 0.01846  -2.437  0.6537    0.05084    -0.70460.009678 0.01617       3
 0.01846  -2.437  0.6537    0.05084    -0.70460.009678 0.01617       3
 0.01846  -2.437  0.6537    0.05084    -0.70460.009678 0.01617       3
 0.01843  -2.539  0.6445   -0.04197    -0.6026 0.021640.004166       3
 0.01594  -2.457  0.6409     0.0441     -0.6850.008721  0.0136       3
 0.01594  -2.457  0.6409     0.0441     -0.6850.008721  0.0136       3
0.009643  -2.381  0.6434     0.1167    -0.7601-0.005079 0.01858       3
0.009643  -2.381  0.6434     0.1167    -0.7601-0.005079 0.01858       3
0.004032  -2.344  0.6441     0.1537    -0.7979-0.01378 0.01942       3
0.0009001  -2.974   0.645    -0.4778    -0.1672  0.0649-0.06364       3
0.0009001  -2.974   0.645    -0.4778    -0.1672  0.0649-0.06364       3
0.004043  0.3618   0.645      2.858       2.78  -0.259  0.2646       3
0.006061  0.7817  0.6532     -3.013       2.36  0.2397 -0.2312       3
0.008188  0.4248  0.6612      2.905      2.717  -0.257  0.2685       3
0.008188  0.4248  0.6612      2.905      2.717  -0.257  0.2685       3
0.008188  0.4248  0.6612      2.905      2.717  -0.257  0.2685       3
0.008188  0.4248  0.6612      2.905      2.717  -0.257  0.2685       3
0.007427  0.8715  0.6465     -2.917       2.27  0.2387 -0.2283       3
0.007427  0.8715  0.6465     -2.917       2.27  0.2387 -0.2283       3
0.005667  0.8341  0.6246     -2.932      2.307  0.2376 -0.2297       3
 0.00447 -0.1439   0.642      2.356     -2.998 -0.2077   0.214       3
 0.00447 -0.1439   0.642      2.356     -2.998 -0.2077   0.214       3
 0.00447 -0.1439   0.642      2.356     -2.998 -0.2077   0.214       3
0.008174  0.6106  0.6577      3.095      2.531 -0.2612  0.2726       3
0.008174  0.6106  0.6577      3.095      2.531 -0.2612  0.2726       3
0.006078  0.6884  0.6354     -3.089      2.453  0.2411 -0.2326       3
0.003845   1.268  0.6237     -2.497      1.873  0.2255 -0.2201       3
0.003845   1.268  0.6237     -2.497      1.873  0.2255 -0.2201       3
0.005541  0.2646  0.6437      2.763      2.877 -0.2556  0.2633       3
0.005541  0.2646  0.6437      2.763      2.877 -0.2556  0.2633       3
0.006186  0.8552   0.673     -2.959      2.286  0.2388 -0.2302       3
0.005583  0.4776  0.6571      2.962      2.664 -0.2602   0.268       3
0.005583  0.4776  0.6571      2.962      2.664 -0.2602   0.268       3
0.002008   2.124  0.6445     -1.662      1.018  0.1837 -0.1809       3
0.002008   2.124  0.6445     -1.662      1.018  0.1837 -0.1809       3
0.002008   2.124  0.6445     -1.662      1.018  0.1837 -0.1809       3
0.004695  0.1405  0.6548      2.627      3.001 -0.2525  0.2591       3
0.003423   1.036  0.6417     -2.747      2.105  0.2321 -0.2273       3
0.003423   1.036  0.6417     -2.747      2.105  0.2321 -0.2273       3
0.003956  0.1873  0.6508      2.678      2.954 -0.2544    0.26       3
0.003968   1.507  0.6402     -2.274      1.634  0.2179 -0.2124       3
0.003968   1.507  0.6402     -2.274      1.634  0.2179 -0.2124       3
0.003112   1.044  0.6222     -2.719      2.097  0.2311 -0.2267       3
0.003112   1.044  0.6222     -2.719      2.097  0.2311 -0.2267       3
 0.00062  0.1846  0.6055      2.721      2.957 -0.2582  0.2591       3
0.002693  0.1594  0.6188      2.682      2.982 -0.2556  0.2594       3
0.002693  0.1594  0.6188      2.682      2.982 -0.2556  0.2594       3
0.003035   0.989  0.6056     -2.758      2.153  0.2318 -0.2276       3
0.003035   0.989  0.6056     -2.758      2.153  0.2318 -0.2276       3
0.003035   0.989  0.6056     -2.758      2.153  0.2318 -0.2276       3
0.002998  -1.019  0.5908      1.532     -2.123 -0.1639  0.1681       3
0.002998  -1.019  0.5908      1.532     -2.123 -0.1639  0.1681       3
0.002998  -1.019  0.5908      1.532     -2.123 -0.1639  0.1681       3
0.004097  0.4357  0.6353      2.942      2.706 -0.2609  0.2666       3
0.003571  0.4172  0.6228      2.936      2.724 -0.2612  0.2662       3
0.003571  0.4172  0.6228      2.936      2.724 -0.2612  0.2662       3
0.001098  -1.887  0.6234     0.6309     -1.254-0.07553 0.07707       3
0.002786 -0.4225  0.6456      2.073     -2.719 -0.1972  0.2011       3
0.002786 -0.4225  0.6456      2.073     -2.719 -0.1972  0.2011       3
0.001927  0.6596  0.6756      3.126      2.482 -0.2661  0.2688       3
0.001837  0.2315   0.706      2.667       2.91 -0.2553  0.2579       3
0.001837  0.2315   0.706      2.667       2.91 -0.2553  0.2579       3
0.001837  0.2315   0.706      2.667       2.91 -0.2553  0.2579       3
0.002954  0.4413  0.7401      2.843        2.7 -0.2588  0.2629       3
0.002954  0.4413  0.7401      2.843        2.7 -0.2588  0.2629       3
0.005751  0.5551  0.7655      2.931      2.586 -0.2587  0.2668       3
0.005751  0.5551  0.7655      2.931      2.586 -0.2587  0.2668       3
0.006874  0.8069  0.7941     -3.129      2.335  0.2434 -0.2338       3
  0.0112  0.6665  0.8187      2.989      2.475 -0.2559  0.2715       3
 0.01181  0.9105  0.8452     -3.076      2.231  0.2462 -0.2296       3
 0.01181  0.9105  0.8452     -3.076      2.231  0.2462 -0.2296       3
 0.01614  0.7456  0.8698      3.017      2.396 -0.2527  0.2753       3
 0.01614  0.7456  0.8698      3.017      2.396 -0.2527  0.2753       3
 0.01896  0.8223  0.8675      3.096      2.319 -0.2524   0.279       3
 0.01896  0.8223  0.8675      3.096      2.319 -0.2524   0.279       3
 0.01864  0.8442  0.8384     -3.136      2.297  0.2521  -0.226       3
 0.01864  0.8442  0.8384     -3.136      2.297  0.2521  -0.226       3
 0.01864  0.8442  0.8384     -3.136      2.297  0.2521  -0.226       3
 0.01506  0.8471  0.8285     -3.123      2.294  0.2492 -0.2282       3
   0.016  0.6823  0.8485      2.975      2.459  -0.252  0.2744       3
 0.01672  0.8252   0.874      3.093      2.316 -0.2539  0.2773       3
 0.01672  0.8252   0.874      3.093      2.316 -0.2539  0.2773       3
 0.01966  0.7655  0.8766      3.031      2.376 -0.2505   0.278       3
 0.02001  0.8659   0.853     -3.129      2.276   0.253  -0.225       3
 0.01682  0.8512  0.8473     -3.138       2.29  0.2509 -0.2273       3
 0.01682  0.8512  0.8473     -3.138       2.29  0.2509 -0.2273       3
 0.01682  0.8512  0.8473     -3.138       2.29  0.2509 -0.2273       3
 0.01641   0.717   0.868      2.991      2.425  -0.252  0.2749       3
 0.01641   0.717   0.868      2.991      2.425  -0.252  0.2749       3
  0.0208  0.8413  0.8658      3.117        2.3 -0.2516  0.2807       3
 0.01856  0.8536  0.8432     -3.131      2.288   0.252  -0.226       3
 0.01856  0.8536  0.8432     -3.131      2.288   0.252  -0.226       3
 0.01715  0.8817  0.8216     -3.081       2.26  0.2499 -0.2258       3
 0.01633  0.7285  0.8442      3.026      2.413 -0.2529  0.2758       3
 0.01633  0.7285  0.8442      3.026      2.413 -0.2529  0.2758       3
 0.01633  0.7285  0.8442      3.026      2.413 -0.2529  0.2758       3
 0.01633  0.7285  0.8442      3.026      2.413 -0.2529  0.2758       3
 0.02154  0.8771  0.8438     -3.108      2.265  0.2536 -0.2234       3
 0.02154  0.8771  0.8438     -3.108      2.265  0.2536 -0.2234       3
 0.02154  0.8771  0.8438     -3.108      2.265  0.2536 -0.2234       3
 0.01852  0.8095  0.8311       3.12      2.332 -0.2535  0.2794       3
 0.01848  0.8095  0.8536      3.097      2.332 -0.2529  0.2787       3
 0.01848  0.8095  0.8536      3.097      2.332 -0.2529  0.2787       3
  0.0232  0.8157   0.861      3.096      2.326 -0.2495   0.282       3
 0.02136  0.8793  0.8422     -3.104      2.262  0.2534 -0.2235       3
 0.02136  0.8793  0.8422     -3.104      2.262  0.2534 -0.2235       3
 0.01838  0.8618  0.8206       -3.1       2.28  0.2511 -0.2253       3
 0.01838  0.8618  0.8206       -3.1       2.28  0.2511 -0.2253       3
 0.01922  0.6429   0.838      2.946      2.499 -0.2492  0.2761       3
 0.02275  0.8069  0.8442      3.104      2.335 -0.2501  0.2819       3
 0.02275  0.8069  0.8442      3.104      2.335 -0.2501  0.2819       3
 0.02014  0.7841   0.828      3.098      2.357 -0.2519  0.2801       3
 0.01761  0.7726  0.7974      3.117      2.369 -0.2542  0.2789       3
 0.01761  0.7726  0.7974      3.117      2.369 -0.2542  0.2789       3
 0.01761  0.7726  0.7974      3.117      2.369 -0.2542  0.2789       3
 0.01765  0.7152  0.8129      3.044      2.426 -0.2526  0.2773       3
 0.01914  0.7763  0.8374      3.081      2.365 -0.2521   0.279       3
 0.01921   0.767  0.8615      3.047      2.375 -0.2512  0.2781       3
 0.01921   0.767  0.8615      3.047      2.375 -0.2512  0.2781       3
 0.01921   0.767  0.8615      3.047      2.375 -0.2512  0.2781       3
 0.02299  0.8943  0.8891     -3.136      2.247  0.2554 -0.2232       3
 0.02415  0.8831  0.9109      3.114      2.258 -0.2489  0.2827       3
 0.02659  0.9051  0.9411      3.106      2.237 -0.2468  0.2841       3
 0.02659  0.9051  0.9411      3.106      2.237 -0.2468  0.2841       3
 0.02659  0.9051  0.9411      3.106      2.237 -0.2468  0.2841       3
 0.03206  0.9676  0.9698      3.139      2.174 -0.2435  0.2884       3
 0.03206  0.9676  0.9698      3.139      2.174 -0.2435  0.2884       3
 0.03224  0.9232  0.9958      3.069      2.218 -0.2418  0.2869       3
 0.03224  0.9232  0.9958      3.069      2.218 -0.2418  0.2869       3
 0.03714  0.9185   1.061      2.999      2.223 -0.2365  0.2885       3
 0.03714  0.9185   1.061      2.999      2.223 -0.2365  0.2885       3
 0.03714  0.9185   1.061      2.999      2.223 -0.2365  0.2885       3
 0.03854  0.9519   1.096      2.998       2.19 -0.2353  0.2892       3
 0.03973  0.9642   1.132      2.974      2.177 -0.2337  0.2893       3
 0.03973  0.9642   1.132      2.974      2.177 -0.2337  0.2893       3
 0.03958  0.9421   1.167      2.916      2.199 -0.2323  0.2877       3
 0.04057  0.9672   1.208      2.901      2.174  -0.231  0.2878       3
 0.04057  0.9672   1.208      2.901      2.174  -0.231  0.2878       3
 0.04057  0.9672   1.208      2.901      2.174  -0.231  0.2878       3
 0.04214  0.9809    1.25      2.872      2.161  -0.229   0.288       3
 0.04214  0.9809    1.25      2.872      2.161  -0.229   0.288       3
 0.04278   1.008   1.296      2.854      2.133 -0.2279  0.2878       3
 0.04278   1.008   1.296      2.854      2.133 -0.2279  0.2878       3
  0.0454   1.023   1.343      2.822      2.118  -0.225  0.2886       3
 0.04797   1.026   1.389      2.779      2.116 -0.2219  0.2891       3
 0.04797   1.026   1.389      2.779      2.116 -0.2219  0.2891       3
 0.04867    1.03   1.432      2.739      2.112 -0.2202  0.2883       3
 0.04867    1.03   1.432      2.739      2.112 -0.2202  0.2883       3
 0.05152   1.062   1.477      2.727       2.08 -0.2176  0.2897       3
