1.57105  -0.000654784  -0.00204717  
1.57105  -0.000654784  -0.00204717  
1.57159  0.0011375  -0.00197003  
1.57159  0.0011375  -0.00197003  
1.57159  0.0011375  -0.00197003  
1.57159  0.0011375  -0.00197003  
1.57211  -0.000351987  -0.00232231  
1.57091  -0.00185165  -0.00174575  
1.57091  -0.00185165  -0.00174575  
1.57091  -0.00185165  -0.00174575  
1.57091  -0.00185165  -0.00174575  
1.57091  -0.00185165  -0.00174575  
1.57091  -0.00185165  -0.00174575  
1.57091  -0.00185165  -0.00174575  
1.57091  -0.00185165  -0.00174575  
1.57091  -0.00185165  -0.00174575  
1.57091  -0.00185165  -0.00174575  
1.57091  -0.00185165  -0.00174575  
1.57091  -0.00185165  -0.00174575  
1.57091  -0.00185165  -0.00174575  
1.57091  -0.00185165  -0.00174575  
1.57091  -0.00185165  -0.00174575  
1.57091  -0.00185165  -0.00174575  
1.57091  -0.00185165  -0.00174575  
1.57091  -0.00185165  -0.00174575  
1.57091  -0.00185165  -0.00174575  
1.57091  -0.00185165  -0.00174575  
1.57091  -0.00185165  -0.00174575  
1.57091  -0.00185165  -0.00174575  
1.57091  -0.00185165  -0.00174575  
1.57091  -0.00185165  -0.00174575  
1.57091  -0.00185165  -0.00174575  
1.57091  -0.00185165  -0.00174575  
1.57091  -0.00185165  -0.00174575  
1.57091  -0.00185165  -0.00174575  
1.57091  -0.00185165  -0.00174575  
1.57091  -0.00185165  -0.00174575  
1.57091  -0.00185165  -0.00174575  
1.57091  -0.00185165  -0.00174575  
1.57091  -0.00185165  -0.00174575  
1.57091  -0.00185165  -0.00174575  
1.57091  -0.00185165  -0.00174575  
1.57091  -0.00185165  -0.00174575  
1.57091  -0.00185165  -0.00174575  
1.57091  -0.00185165  -0.00174575  
1.57091  -0.00185165  -0.00174575  
1.57059  -0.00194147  -0.00406466  
1.57059  -0.00194147  -0.00406466  
1.57059  -0.00194147  -0.00406466  
1.56939  -0.00300415  -0.00162723  
1.56939  -0.00300415  -0.00162723  
1.5701  -0.00372011  -0.00203209  
1.5701  -0.00372011  -0.00203209  
1.57051  -0.00360418  -0.00185944  
1.57051  -0.00360418  -0.00185944  
1.57051  -0.00360418  -0.00185944  
1.57035  -0.00346578  -0.00280678  
1.57035  -0.00346578  -0.00280678  
1.57035  -0.00346578  -0.00280678  
1.5699  -0.00416574  -0.00202483  
1.5699  -0.00416574  -0.00202483  
1.57096  -0.00226747  -0.00259142  
1.57096  -0.00226747  -0.00259142  
1.57096  -0.00226747  -0.00259142  
1.57096  -0.00226747  -0.00259142  
1.57096  -0.00226747  -0.00259142  
1.57096  -0.00226747  -0.00259142  
1.57096  -0.00226747  -0.00259142  
1.57096  -0.00226747  -0.00259142  
1.57096  -0.00226747  -0.00259142  
1.57096  -0.00226747  -0.00259142  
1.57096  -0.00226747  -0.00259142  
1.57096  -0.00226747  -0.00259142  
1.57096  -0.00226747  -0.00259142  
1.57096  -0.00226747  -0.00259142  
1.57096  -0.00226747  -0.00259142  
1.57096  -0.00226747  -0.00259142  
1.57096  -0.00226747  -0.00259142  
1.57096  -0.00226747  -0.00259142  
1.57019  -0.00397808  -0.00409719  
1.57019  -0.00397808  -0.00409719  
1.57019  -0.00397808  -0.00409719  
1.56894  -0.00496519  -0.0068435  
1.57008  -0.00314667  -0.0064286  
1.57008  -0.00314667  -0.0064286  
1.56964  -0.00416528  -0.00704998  
1.56964  -0.00416528  -0.00704998  
1.56964  -0.00416528  -0.00704998  
1.56934  -0.00553177  -0.00634327  
1.56934  -0.00553177  -0.00634327  
1.56934  -0.00553177  -0.00634327  
1.56957  -0.00504881  -0.00663728  
1.56957  -0.00504881  -0.00663728  
1.56997  -0.00578051  -0.00746911  
1.56997  -0.00578051  -0.00746911  
1.56997  -0.00578051  -0.00746911  
1.56978  -0.00445964  -0.00883149  
1.56978  -0.00445964  -0.00883149  
1.57041  -0.00426766  -0.00806576  
1.57041  -0.00426766  -0.00806576  
1.57041  -0.00426766  -0.00806576  
1.56804  -0.006843  -0.0075819  
1.56804  -0.006843  -0.0075819  
1.56804  -0.006843  -0.0075819  
1.57019  -0.00456378  -0.00788504  
1.57019  -0.00456378  -0.00788504  
1.57019  -0.00456378  -0.00788504  
1.56892  -0.00605173  -0.00848746  
1.56892  -0.00605173  -0.00848746  
1.56997  -0.00439093  -0.00870572  
1.56997  -0.00439093  -0.00870572  
1.56997  -0.00439093  -0.00870572  
1.56889  -0.0060422  -0.0103503  
1.56889  -0.0060422  -0.0103503  
1.56889  -0.0060422  -0.0103503  
1.56948  -0.00526419  -0.0103956  
1.56948  -0.00526419  -0.0103956  
1.56948  -0.00526419  -0.0103956  
1.5676  -0.00702443  -0.0112954  
1.5676  -0.00702443  -0.0112954  
1.5676  -0.00702443  -0.0112954  
1.56899  -0.00641691  -0.010834  
1.56899  -0.00641691  -0.010834  
1.56899  -0.00641691  -0.010834  
1.56899  -0.00641691  -0.010834  
1.56957  -0.00530059  -0.0119665  
1.56967  -0.00554144  -0.0100172  
1.56967  -0.00554144  -0.0100172  
1.56967  -0.00554144  -0.0100172  
1.56947  -0.0064278  -0.0117689  
1.56947  -0.0064278  -0.0117689  
1.5668  -0.00759426  -0.0133027  
1.5668  -0.00759426  -0.0133027  
1.5668  -0.00759426  -0.0133027  
1.56884  -0.00664989  -0.0121554  
1.56884  -0.00664989  -0.0121554  
1.56917  -0.00637729  -0.0110348  
1.56917  -0.00637729  -0.0110348  
1.56917  -0.00637729  -0.0110348  
1.56877  -0.00708977  -0.0130806  
1.56877  -0.00708977  -0.0130806  
1.56877  -0.00708977  -0.0130806  
1.56844  -0.00737714  -0.0123868  
1.56844  -0.00737714  -0.0123868  
1.56844  -0.00737714  -0.0123868  
1.56763  -0.00821586  -0.0119419  
1.56763  -0.00821586  -0.0119419  
1.56763  -0.00821586  -0.0119419  
1.5694  -0.00640227  -0.0129691  
1.5694  -0.00640227  -0.0129691  
1.56931  -0.00674327  -0.0127142  
1.56931  -0.00674327  -0.0127142  
1.57021  -0.00461845  -0.014994  
1.57021  -0.00461845  -0.014994  
1.57021  -0.00461845  -0.014994  
1.56827  -0.00801446  -0.0144667  
1.56827  -0.00801446  -0.0144667  
1.56827  -0.00801446  -0.0144667  
1.56989  -0.00519025  -0.0143488  
1.56989  -0.00519025  -0.0143488  
1.56851  -0.00822944  -0.0157146  
1.56851  -0.00822944  -0.0157146  
1.56851  -0.00822944  -0.0157146  
1.56925  -0.00622376  -0.0149017  
1.56925  -0.00622376  -0.0149017  
1.56925  -0.00622376  -0.0149017  
1.56771  -0.00843834  -0.0132739  
1.56771  -0.00843834  -0.0132739  
1.56771  -0.00843834  -0.0132739  
1.56815  -0.00911525  -0.0150381  
1.56815  -0.00911525  -0.0150381  
1.56815  -0.00911525  -0.0150381  
1.56821  -0.00860015  -0.015807  
1.56821  -0.00860015  -0.015807  
1.5683  -0.00764278  -0.0155228  
1.5683  -0.00764278  -0.0155228  
1.5683  -0.00764278  -0.0155228  
1.56807  -0.00892258  -0.0151033  
1.56807  -0.00892258  -0.0151033  
1.56807  -0.00892258  -0.0151033  
1.56807  -0.00892258  -0.0151033  
1.56873  -0.00834436  -0.0150405  
1.56873  -0.00834436  -0.0150405  
1.56873  -0.00834436  -0.0150405  
1.56928  -0.00688466  -0.0140176  
1.56928  -0.00688466  -0.0140176  
1.56791  -0.00775823  -0.0119304  
1.56791  -0.00775823  -0.0119304  
1.56791  -0.00775823  -0.0119304  
1.56725  -0.00757635  -0.00799092  
1.56725  -0.00757635  -0.00799092  
1.56725  -0.00757635  -0.00799092  
1.5658  -0.00784402  -0.00547655  
1.5658  -0.00784402  -0.00547655  
1.5658  -0.00784402  -0.00547655  
1.5658  -0.00784402  -0.00547655  
1.5658  -0.00784402  -0.00547655  
1.56447  -0.0076095  0.00469435  
1.56447  -0.0076095  0.00469435  
1.56447  -0.0076095  0.00469435  
1.56803  -0.00874437  0.0110543  
1.56803  -0.00874437  0.0110543  
1.56803  -0.00874437  0.0110543  
1.56774  -0.0056285  0.0126678  
1.56774  -0.0056285  0.0126678  
1.56645  -0.00807577  0.0153139  
1.56645  -0.00807577  0.0153139  
1.56645  -0.00807577  0.0153139  
1.56691  -0.0102873  0.0206071  
1.56691  -0.0102873  0.0206071  
1.56729  -0.00815737  0.0281054  
1.56729  -0.00815737  0.0281054  
1.56729  -0.00815737  0.0281054  
1.56667  -0.0112035  0.034253  
1.56667  -0.0112035  0.034253  
1.56667  -0.0112035  0.034253  
1.56667  -0.0112035  0.034253  
1.567  -0.010808  0.0419554  
1.567  -0.010808  0.0419554  
1.567  -0.010808  0.0419554  
1.56716  -0.00825057  0.0480223  
1.56716  -0.00825057  0.0480223  
1.56607  -0.0117264  0.05592  
1.56607  -0.0117264  0.05592  
1.5674  -0.0101361  0.064216  
1.5674  -0.0101361  0.064216  
1.5674  -0.0101361  0.064216  
1.56631  -0.0131778  0.0748773  
1.56631  -0.0131778  0.0748773  
1.56631  -0.0131778  0.0748773  
1.56706  -0.0152093  0.0867519  
1.56706  -0.0152093  0.0867519  
1.56706  -0.0152093  0.0867519  
1.56871  -0.0142648  0.104262  
1.56871  -0.0142648  0.104262  
1.56871  -0.0142648  0.104262  
1.56936  -0.0147987  0.120015  
1.56936  -0.0147987  0.120015  
1.57071  -0.0127358  0.136072  
1.57071  -0.0127358  0.136072  
1.57071  -0.0127358  0.136072  
1.56991  -0.0127021  0.151339  
1.56991  -0.0127021  0.151339  
1.56991  -0.0127021  0.151339  
1.57  -0.0116957  0.161175  
1.57  -0.0116957  0.161175  
1.57011  -0.0107874  0.170827  
1.57011  -0.0107874  0.170827  
1.57011  -0.0107874  0.170827  
1.56897  -0.0115169  0.182286  
1.56897  -0.0115169  0.182286  
1.56897  -0.0115169  0.182286  
1.57081  -0.00892535  0.191203  
1.57081  -0.00892535  0.191203  
1.57081  -0.00892535  0.191203  
1.5702  -0.0105875  0.19965  
1.5702  -0.0105875  0.19965  
1.5702  -0.0105875  0.19965  
1.56879  -0.0106604  0.206691  
1.56879  -0.0106604  0.206691  
1.56899  -0.0108104  0.205541  
1.56899  -0.0108104  0.205541  
1.56899  -0.0108104  0.205541  
1.56773  -0.0107202  0.204643  
1.56773  -0.0107202  0.204643  
1.56773  -0.0107202  0.204643  
1.56746  -0.0108526  0.205171  
1.56746  -0.0108526  0.205171  
1.56639  -0.0118767  0.206105  
1.56639  -0.0118767  0.206105  
1.56639  -0.0118767  0.206105  
1.56621  -0.0104195  0.209875  
1.56621  -0.0104195  0.209875  
1.56621  -0.0104195  0.209875  
1.56814  -0.00977078  0.213241  
1.56814  -0.00977078  0.213241  
1.56814  -0.00977078  0.213241  
1.56882  -0.00949906  0.221439  
1.56882  -0.00949906  0.221439  
1.56882  -0.00949906  0.221439  
1.56762  -0.00996863  0.22814  
1.56762  -0.00996863  0.22814  
1.56902  -0.00902409  0.239283  
1.56902  -0.00902409  0.239283  
1.5692  -0.0100578  0.249109  
1.5692  -0.0100578  0.249109  
1.5692  -0.0100578  0.249109  
1.57047  -0.00862457  0.264422  
1.57047  -0.00862457  0.264422  
1.56816  -0.0115527  0.278726  
1.56816  -0.0115527  0.278726  
1.56863  -0.0115887  0.300029  
1.56863  -0.0115887  0.300029  
1.56863  -0.0115887  0.300029  
1.56801  -0.0107575  0.322062  
1.56801  -0.0107575  0.322062  
1.56801  -0.0107575  0.322062  
1.5693  -0.00914046  0.344227  
1.5693  -0.00914046  0.344227  
1.5693  -0.00914046  0.344227  
1.56654  -0.0125081  0.365193  
1.56654  -0.0125081  0.365193  
1.56654  -0.0125081  0.365193  
1.57038  -0.0117462  0.389852  
1.57038  -0.0117462  0.389852  
1.57342  -0.0100124  0.412375  
1.57342  -0.0100124  0.412375  
1.57342  -0.0100124  0.412375  
1.57545  -0.00873673  0.436683  
1.57545  -0.00873673  0.436683  
1.57456  -0.0115317  0.456855  
1.57456  -0.0115317  0.456855  
1.57456  -0.0115317  0.456855  
1.57352  -0.0144586  0.481532  
1.57352  -0.0144586  0.481532  
1.57352  -0.0144586  0.481532  
1.57557  -0.0139024  0.508351  
1.57557  -0.0139024  0.508351  
1.57886  -0.0105544  0.538735  
1.57886  -0.0105544  0.538735  
1.58144  -0.00870134  0.563844  
1.58144  -0.00870134  0.563844  
1.58144  -0.00870134  0.563844  
1.57814  -0.0120704  0.589378  
1.57814  -0.0120704  0.589378  
1.57814  -0.0120704  0.589378  
1.57975  -0.00992788  0.612173  
1.57975  -0.00992788  0.612173  
1.58062  -0.00955777  0.633346  
1.58062  -0.00955777  0.633346  
1.58062  -0.00955777  0.633346  
1.58062  -0.00955777  0.633346  
1.58006  -0.00886422  0.657284  
1.58006  -0.00886422  0.657284  
1.58006  -0.00886422  0.657284  
1.58006  -0.00886422  0.657284  
1.58006  -0.00886422  0.657284  
1.58115  -0.00952682  0.699125  
1.58115  -0.00952682  0.699125  
1.58137  -0.00962624  0.715998  
1.58137  -0.00962624  0.715998  
1.58137  -0.00962624  0.715998  
1.57897  -0.014675  0.733032  
1.57897  -0.014675  0.733032  
1.57855  -0.0119945  0.749261  
1.57855  -0.0119945  0.749261  
1.57855  -0.0119945  0.749261  
1.57949  -0.0107598  0.764249  
1.57949  -0.0107598  0.764249  
1.57949  -0.0107598  0.764249  
1.57937  -0.010597  0.780791  
1.57937  -0.010597  0.780791  
1.57937  -0.010597  0.780791  
1.58015  -0.00935876  0.797617  
1.58015  -0.00935876  0.797617  
1.58015  -0.00935876  0.797617  
1.57991  -0.0105429  0.811181  
1.57991  -0.0105429  0.811181  
1.57991  -0.0105429  0.811181  
1.57821  -0.0130745  0.824874  
1.57821  -0.0130745  0.824874  
1.5793  -0.0111523  0.839544  
1.5793  -0.0111523  0.839544  
1.5793  -0.0111523  0.839544  
1.57767  -0.013808  0.85518  
1.57767  -0.013808  0.85518  
1.57767  -0.013808  0.85518  
1.58108  -0.00894117  0.868036  
1.58108  -0.00894117  0.868036  
1.58108  -0.00894117  0.868036  
1.58108  -0.00894117  0.868036  
1.58108  -0.00894117  0.868036  
1.58108  -0.00894117  0.868036  
1.58108  -0.00894117  0.868036  
1.58108  -0.00894117  0.868036  
1.58108  -0.00894117  0.868036  
1.58108  -0.00894117  0.868036  
1.58108  -0.00894117  0.868036  
1.58108  -0.00894117  0.868036  
1.58108  -0.00894117  0.868036  
1.58108  -0.00894117  0.868036  
1.58108  -0.00894117  0.868036  
1.58108  -0.00894117  0.868036  
1.58108  -0.00894117  0.868036  
1.58108  -0.00894117  0.868036  
1.58108  -0.00894117  0.868036  
1.58108  -0.00894117  0.868036  
1.58108  -0.00894117  0.868036  
1.58108  -0.00894117  0.868036  
1.58108  -0.00894117  0.868036  
1.58108  -0.00894117  0.868036  
1.58108  -0.00894117  0.868036  
1.58108  -0.00894117  0.868036  
1.58108  -0.00894117  0.868036  
1.58108  -0.00894117  0.868036  
1.58108  -0.00894117  0.868036  
1.58108  -0.00894117  0.868036  
1.58108  -0.00894117  0.868036  
1.58108  -0.00894117  0.868036  
1.58108  -0.00894117  0.868036  
1.58108  -0.00894117  0.868036  
1.58108  -0.00894117  0.868036  
1.58108  -0.00894117  0.868036  
1.58108  -0.00894117  0.868036  
1.58108  -0.00894117  0.868036  
1.58108  -0.00894117  0.868036  
1.58108  -0.00894117  0.868036  
1.58108  -0.00894117  0.868036  
1.58108  -0.00894117  0.868036  
1.58108  -0.00894117  0.868036  
1.58108  -0.00894117  0.868036  
1.58108  -0.00894117  0.868036  
1.58108  -0.00894117  0.868036  
1.58108  -0.00894117  0.868036  
1.58108  -0.00894117  0.868036  
1.58108  -0.00894117  0.868036  
1.58108  -0.00894117  0.868036  
1.58108  -0.00894117  0.868036  
1.58108  -0.00894117  0.868036  
1.58108  -0.00894117  0.868036  
1.58108  -0.00894117  0.868036  
1.58108  -0.00894117  0.868036  
1.58108  -0.00894117  0.868036  
1.58108  -0.00894117  0.868036  
1.58108  -0.00894117  0.868036  
1.58108  -0.00894117  0.868036  
1.58108  -0.00894117  0.868036  
1.58108  -0.00894117  0.868036  
1.58108  -0.00894117  0.868036  
1.58108  -0.00894117  0.868036  
1.58108  -0.00894117  0.868036  
1.58108  -0.00894117  0.868036  
1.58108  -0.00894117  0.868036  
1.58108  -0.00894117  0.868036  
1.58108  -0.00894117  0.868036  
1.58108  -0.00894117  0.868036  
1.58108  -0.00894117  0.868036  
1.58108  -0.00894117  0.868036  
1.58108  -0.00894117  0.868036  
1.58108  -0.00894117  0.868036  
1.58108  -0.00894117  0.868036  
1.58108  -0.00894117  0.868036  
1.58108  -0.00894117  0.868036  
1.58108  -0.00894117  0.868036  
1.58108  -0.00894117  0.868036  
1.58108  -0.00894117  0.868036  
1.58108  -0.00894117  0.868036  
1.58108  -0.00894117  0.868036  
1.58108  -0.00894117  0.868036  
1.58108  -0.00894117  0.868036  
1.58108  -0.00894117  0.868036  
1.58108  -0.00894117  0.868036  
1.58108  -0.00894117  0.868036  
1.58108  -0.00894117  0.868036  
1.58108  -0.00894117  0.868036  
1.58108  -0.00894117  0.868036  
1.58108  -0.00894117  0.868036  
1.58108  -0.00894117  0.868036  
1.58108  -0.00894117  0.868036  
1.58108  -0.00894117  0.868036  
1.58108  -0.00894117  0.868036  
1.58108  -0.00894117  0.868036  
1.58108  -0.00894117  0.868036  
1.58108  -0.00894117  0.868036  
1.58108  -0.00894117  0.868036  
1.58108  -0.00894117  0.868036  
1.58108  -0.00894117  0.868036  
1.58108  -0.00894117  0.868036  
1.58108  -0.00894117  0.868036  
1.58108  -0.00894117  0.868036  
1.58108  -0.00894117  0.868036  
1.58108  -0.00894117  0.868036  
1.58108  -0.00894117  0.868036  
1.58108  -0.00894117  0.868036  
1.58108  -0.00894117  0.868036  
1.58108  -0.00894117  0.868036  
1.58108  -0.00894117  0.868036  
1.58108  -0.00894117  0.868036  
1.58108  -0.00894117  0.868036  
1.58108  -0.00894117  0.868036  
1.58108  -0.00894117  0.868036  
1.58108  -0.00894117  0.868036  
1.58108  -0.00894117  0.868036  
1.58108  -0.00894117  0.868036  
1.58108  -0.00894117  0.868036  
1.58108  -0.00894117  0.868036  
1.58108  -0.00894117  0.868036  
1.58108  -0.00894117  0.868036  
1.58108  -0.00894117  0.868036  
1.58108  -0.00894117  0.868036  
1.58108  -0.00894117  0.868036  
1.58108  -0.00894117  0.868036  
1.58108  -0.00894117  0.868036  
1.58108  -0.00894117  0.868036  
1.58108  -0.00894117  0.868036  
1.58108  -0.00894117  0.868036  
1.58108  -0.00894117  0.868036  
1.57857  -0.283162  0.99946  
1.57857  -0.283162  0.99946  
1.57857  -0.283162  0.99946  
1.57901  -0.31372  1.00004  
1.57901  -0.31372  1.00004  
1.57901  -0.31372  1.00004  
1.57953  -0.344492  1.00027  
1.57828  -0.375317  0.996508  
1.57828  -0.375317  0.996508  
1.57828  -0.375317  0.996508  
1.57901  -0.409551  0.994878  
1.57901  -0.409551  0.994878  
1.57731  -0.442734  0.992804  
1.57731  -0.442734  0.992804  
1.57731  -0.442734  0.992804  
1.57731  -0.442734  0.992804  
1.57741  -0.47146  0.991967  
1.57741  -0.47146  0.991967  
1.57741  -0.47146  0.991967  
1.57719  -0.49711  0.995567  
1.57493  -0.521257  0.994425  
1.57493  -0.521257  0.994425  
1.57493  -0.521257  0.994425  
1.57493  -0.521257  0.994425  
1.57493  -0.521257  0.994425  
1.5744  -0.540834  0.996505  
1.5744  -0.540834  0.996505  
1.5744  -0.540834  0.996505  
1.5744  -0.540834  0.996505  
1.5744  -0.540834  0.996505  
1.57505  -0.574029  0.994009  
1.57505  -0.574029  0.994009  
1.57234  -0.58982  0.994674  
1.57234  -0.58982  0.994674  
1.57234  -0.58982  0.994674  
1.57234  -0.58982  0.994674  
1.57234  -0.58982  0.994674  
1.57307  -0.627242  0.992051  
1.57307  -0.627242  0.992051  
1.57307  -0.627242  0.992051  
1.57307  -0.627242  0.992051  
1.57307  -0.627242  0.992051  
1.57307  -0.627242  0.992051  
1.57307  -0.627242  0.992051  
1.57307  -0.627242  0.992051  
1.57307  -0.627242  0.992051  
1.57307  -0.627242  0.992051  
1.57307  -0.627242  0.992051  
1.57307  -0.627242  0.992051  
1.5719  -0.671664  0.992067  
1.5719  -0.671664  0.992067  
1.5719  -0.671664  0.992067  
1.5719  -0.671664  0.992067  
1.5719  -0.671664  0.992067  
1.5719  -0.671664  0.992067  
1.5719  -0.671664  0.992067  
1.5719  -0.671664  0.992067  
1.5719  -0.671664  0.992067  
1.5719  -0.671664  0.992067  
1.57459  -0.80066  0.997335  
1.57477  -0.820049  0.997352  
1.57477  -0.820049  0.997352  
1.57477  -0.820049  0.997352  
1.57477  -0.820049  0.997352  
1.57477  -0.820049  0.997352  
1.57477  -0.820049  0.997352  
1.57388  -0.840216  0.998882  
1.57388  -0.840216  0.998882  
1.57388  -0.840216  0.998882  
1.57516  -0.855721  0.996789  
1.57474  -0.874696  0.996974  
1.57474  -0.874696  0.996974  
1.57474  -0.874696  0.996974  
1.57474  -0.874696  0.996974  
1.57474  -0.874696  0.996974  
1.57474  -0.874696  0.996974  
1.57474  -0.874696  0.996974  
1.57474  -0.874696  0.996974  
1.57474  -0.874696  0.996974  
1.57412  -0.907976  0.993901  
1.57412  -0.907976  0.993901  
1.57412  -0.907976  0.993901  
1.57533  -0.92042  0.993735  
1.57611  -0.940522  0.995395  
1.57611  -0.940522  0.995395  
1.57643  -0.954242  0.996114  
1.57643  -0.954242  0.996114  
1.57643  -0.954242  0.996114  
1.57643  -0.954242  0.996114  
1.57559  -0.964781  0.996521  
1.57559  -0.964781  0.996521  
1.57586  -0.97251  0.992813  
1.57586  -0.97251  0.992813  
1.57586  -0.97251  0.992813  
1.57622  -0.982146  0.994162  
1.57622  -0.982146  0.994162  
1.57546  -0.993623  0.993743  
1.57546  -0.993623  0.993743  
1.57546  -0.993623  0.993743  
1.57594  -1.00136  0.99712  
1.57594  -1.00136  0.99712  
1.5775  -1.00656  0.995318  
1.5775  -1.00656  0.995318  
1.5775  -1.00656  0.995318  
1.57571  -1.00858  0.996457  
1.57571  -1.00858  0.996457  
1.57571  -1.00858  0.996457  
1.57512  -1.00892  0.99649  
1.57512  -1.00892  0.99649  
1.57549  -1.00794  0.995591  
1.57549  -1.00794  0.995591  
1.57549  -1.00794  0.995591  
1.57639  -1.00781  0.99555  
1.57639  -1.00781  0.99555  
1.57639  -1.00781  0.99555  
1.57522  -1.00807  0.994458  
1.57522  -1.00807  0.994458  
1.57523  -1.0095  0.995089  
1.57523  -1.0095  0.995089  
1.57523  -1.0095  0.995089  
1.57696  -1.00802  0.995704  
1.57696  -1.00802  0.995704  
1.57696  -1.00802  0.995704  
1.57704  -1.00811  0.994981  
1.57704  -1.00811  0.994981  
1.57704  -1.00811  0.994981  
1.57525  -1.00783  0.99547  
1.57525  -1.00783  0.99547  
1.57703  -1.00735  0.995661  
1.57703  -1.00735  0.995661  
1.57703  -1.00735  0.995661  
1.57703  -1.00735  0.995661  
1.57493  -1.00877  0.996495  
1.57493  -1.00877  0.996495  
1.57493  -1.00877  0.996495  
1.57722  -1.0075  0.996407  
1.57722  -1.0075  0.996407  
1.57737  -1.00728  0.996574  
1.57737  -1.00728  0.996574  
1.57549  -1.00802  0.995829  
1.57549  -1.00802  0.995829  
1.57549  -1.00802  0.995829  
1.57719  -1.00831  0.995774  
1.57719  -1.00831  0.995774  
1.57719  -1.00831  0.995774  
1.57827  -1.00678  0.995883  
1.57827  -1.00678  0.995883  
1.57827  -1.00678  0.995883  
1.57677  -1.0073  0.995299  
1.57677  -1.0073  0.995299  
1.57677  -1.0073  0.995299  
1.57624  -1.00738  0.994916  
1.57624  -1.00738  0.994916  
1.575  -1.00819  0.99666  
1.575  -1.00819  0.99666  
1.575  -1.00819  0.99666  
1.57503  -1.00814  0.996323  
1.57503  -1.00814  0.996323  
1.57503  -1.00814  0.996323  
1.57491  -1.00767  0.996115  
1.57491  -1.00767  0.996115  
1.57491  -1.00767  0.996115  
1.5756  -1.00642  0.995608  
1.5756  -1.00642  0.995608  
1.5756  -1.00642  0.995608  
1.57552  -1.00682  0.994968  
1.57552  -1.00682  0.994968  
1.57552  -1.00682  0.994968  
1.57552  -1.00682  0.994968  
1.57722  -1.00724  0.993304  
1.57722  -1.00724  0.993304  
1.57591  -1.00825  0.98746  
1.57591  -1.00825  0.98746  
1.57621  -1.00728  0.980512  
1.57621  -1.00728  0.980512  
1.57621  -1.00728  0.980512  
1.57588  -1.00857  0.972587  
1.57588  -1.00857  0.972587  
1.57588  -1.00857  0.972587  
1.57588  -1.00857  0.972587  
1.57588  -1.00857  0.972587  
1.57759  -1.00464  0.964214  
1.57756  -1.00489  0.956637  
1.57756  -1.00489  0.956637  
1.57756  -1.00489  0.956637  
1.57756  -1.00489  0.956637  
1.57756  -1.00489  0.956637  
1.57756  -1.00489  0.956637  
1.57756  -1.00489  0.956637  
1.57756  -1.00489  0.956637  
1.57756  -1.00489  0.956637  
1.5778  -1.00724  0.937889  
1.5778  -1.00724  0.937889  
1.5778  -1.00724  0.937889  
1.5778  -1.00724  0.937889  
1.5778  -1.00724  0.937889  
1.57763  -1.00411  0.903745  
1.57763  -1.00411  0.903745  
1.57694  -1.00349  0.886054  
1.57694  -1.00349  0.886054  
1.57694  -1.00349  0.886054  
1.57694  -1.00349  0.886054  
1.57694  -1.00349  0.886054  
1.57694  -1.00349  0.886054  
1.57697  -1.00309  0.869046  
1.57697  -1.00309  0.869046  
1.57697  -1.00309  0.869046  
1.57697  -1.00309  0.869046  
1.57697  -1.00309  0.869046  
1.57697  -1.00309  0.869046  
1.57676  -1.00399  0.853392  
1.57676  -1.00399  0.853392  
1.57676  -1.00399  0.853392  
1.57698  -1.00574  0.796097  
1.57698  -1.00574  0.796097  
1.57663  -1.00823  0.776533  
1.57663  -1.00823  0.776533  
1.57663  -1.00823  0.776533  
1.57705  -1.00644  0.757336  
1.57705  -1.00644  0.757336  
1.57705  -1.00644  0.757336  
1.57705  -1.00644  0.757336  
1.57797  -1.00559  0.737975  
1.57797  -1.00559  0.737975  
1.57808  -1.00436  0.718885  
1.57808  -1.00436  0.718885  
1.57732  -1.00684  0.6975  
1.57732  -1.00684  0.6975  
1.57851  -1.0028  0.676352  
1.57851  -1.0028  0.676352  
1.57851  -1.0028  0.676352  
1.57911  -1.00335  0.655449  
1.57911  -1.00335  0.655449  
1.57911  -1.00335  0.655449  
1.57862  -1.00462  0.635871  
1.57862  -1.00462  0.635871  
1.57862  -1.00462  0.635871  
1.57862  -1.00462  0.635871  
1.579  -1.00226  0.617294  
1.5793  -1.00177  0.600395  
1.5793  -1.00177  0.600395  
1.5793  -1.00177  0.600395  
1.5797  -1.00045  0.581156  
1.5797  -1.00045  0.581156  
1.5797  -1.00045  0.581156  
1.57882  -1.00215  0.566373  
1.57882  -1.00215  0.566373  
1.57882  -1.00215  0.566373  
1.57756  -1.00391  0.548394  
1.57756  -1.00391  0.548394  
1.57756  -1.00391  0.548394  
1.57905  -1.0034  0.52989  
1.57905  -1.0034  0.52989  
1.57905  -1.0034  0.52989  
1.57982  -1.00188  0.513063  
1.57982  -1.00188  0.513063  
1.57999  -1.00177  0.495615  
1.57999  -1.00177  0.495615  
1.57999  -1.00177  0.495615  
1.57858  -1.0016  0.479947  
1.57858  -1.0016  0.479947  
1.57858  -1.0016  0.479947  
1.58034  -1.00068  0.462973  
1.58034  -1.00068  0.462973  
1.57873  -1.00248  0.447203  
1.57873  -1.00248  0.447203  
1.57873  -1.00248  0.447203  
1.57889  -1.00075  0.430492  
1.57889  -1.00075  0.430492  
1.58066  -0.998348  0.413976  
1.58066  -0.998348  0.413976  
1.58066  -0.998348  0.413976  
1.5811  -0.997184  0.398225  
1.5811  -0.997184  0.398225  
1.5811  -0.997184  0.398225  
1.58088  -0.997538  0.383062  
1.58088  -0.997538  0.383062  
1.58088  -0.997538  0.383062  
1.58101  -0.994552  0.36594  
1.58101  -0.994552  0.36594  
1.58101  -0.994552  0.36594  
1.58236  -0.994103  0.348067  
1.58236  -0.994103  0.348067  
1.58148  -0.993948  0.330539  
1.58148  -0.993948  0.330539  
1.58148  -0.993948  0.330539  
1.58127  -0.993744  0.313045  
1.58127  -0.993744  0.313045  
1.58127  -0.993744  0.313045  
1.58205  -0.992922  0.296499  
1.58205  -0.992922  0.296499  
1.58306  -0.990569  0.281641  
1.58306  -0.990569  0.281641  
1.58306  -0.990569  0.281641  
1.58288  -0.98861  0.262585  
1.58288  -0.98861  0.262585  
1.58288  -0.98861  0.262585  
1.58282  -0.989382  0.243976  
1.58282  -0.989382  0.243976  
1.58139  -0.992186  0.226622  
1.58139  -0.992186  0.226622  
1.58139  -0.992186  0.226622  
1.5833  -0.987019  0.210692  
1.5833  -0.987019  0.210692  
1.58025  -0.98911  0.192822  
1.58025  -0.98911  0.192822  
1.58025  -0.98911  0.192822  
1.5792  -0.989823  0.173976  
1.5792  -0.989823  0.173976  
1.5792  -0.989823  0.173976  
1.57827  -0.990173  0.155206  
1.57827  -0.990173  0.155206  
1.57893  -0.990377  0.137897  
1.57893  -0.990377  0.137897  
1.57893  -0.990377  0.137897  
1.58025  -0.989632  0.118727  
1.58025  -0.989632  0.118727  
1.58025  -0.989632  0.118727  
1.57755  -0.993242  0.103358  
1.57755  -0.993242  0.103358  
1.57916  -0.989649  0.0882062  
1.57916  -0.989649  0.0882062  
1.57916  -0.989649  0.0882062  
1.57866  -0.991674  0.0774124  
1.57866  -0.991674  0.0774124  
1.57866  -0.991674  0.0774124  
1.57767  -0.99125  0.0657439  
1.57767  -0.99125  0.0657439  
1.57767  -0.99125  0.0657439  
1.57764  -0.990692  0.0583339  
1.57764  -0.990692  0.0583339  
1.57764  -0.990692  0.0583339  
1.57764  -0.990692  0.0583339  
1.57764  -0.990692  0.0583339  
1.57783  -0.991377  0.0527918  
1.57783  -0.991377  0.0527918  
1.57752  -0.99236  0.0471215  
1.57752  -0.99236  0.0471215  
1.57734  -0.991601  0.0417946  
1.57734  -0.991601  0.0417946  
1.57734  -0.991601  0.0417946  
1.57734  -0.991601  0.0417946  
1.57712  -0.992337  0.0351608  
1.57712  -0.992337  0.0351608  
1.57712  -0.992337  0.0351608  
1.57682  -0.991542  0.0289939  
1.5768  -0.99214  0.0256467  
1.5768  -0.99214  0.0256467  
1.5768  -0.99214  0.0256467  
1.57638  -0.992241  0.0247622  
1.57638  -0.992241  0.0247622  
1.57638  -0.992241  0.0247622  
1.57638  -0.992241  0.0247622  
1.57764  -0.991666  0.0226711  
1.57662  -0.992641  0.0229612  
1.57662  -0.992641  0.0229612  
1.57662  -0.992641  0.0229612  
1.57668  -0.991639  0.0229524  
1.57668  -0.991639  0.0229524  
1.57683  -0.990923  0.0235387  
1.57683  -0.990923  0.0235387  
1.57471  -0.99243  0.0250994  
1.57471  -0.99243  0.0250994  
1.57471  -0.99243  0.0250994  
1.57471  -0.99243  0.0250994  
1.57457  -0.992275  0.0242801  
1.57457  -0.992275  0.0242801  
1.57415  -0.991451  0.0252873  
1.57415  -0.991451  0.0252873  
1.57415  -0.991451  0.0252873  
1.57366  -0.992038  0.0256292  
1.57366  -0.992038  0.0256292  
1.57338  -0.991901  0.0241621  
1.57338  -0.991901  0.0241621  
1.57338  -0.991901  0.0241621  
1.57601  -0.990576  0.02629  
1.57601  -0.990576  0.02629  
1.57601  -0.990576  0.02629  
1.57601  -0.990576  0.02629  
1.57601  -0.990576  0.02629  
1.57433  -0.990711  0.0258231  
1.57313  -0.99228  0.0261802  
1.57468  -0.990674  0.0244604  
1.57468  -0.990674  0.0244604  
1.57468  -0.990674  0.0244604  
1.5743  -0.991518  0.024267  
1.5743  -0.991518  0.024267  
1.5743  -0.991518  0.024267  
1.57578  -0.989503  0.023705  
1.57578  -0.989503  0.023705  
1.57578  -0.989503  0.023705  
1.57427  -0.991245  0.0246561  
1.57427  -0.991245  0.0246561  
1.57412  -0.991707  0.0258495  
1.57412  -0.991707  0.0258495  
1.57412  -0.991707  0.0258495  
1.57429  -0.992193  0.0251767  
1.57429  -0.992193  0.0251767  
1.57429  -0.992193  0.0251767  
1.57429  -0.992193  0.0251767  
1.57394  -0.991741  0.0241908  
1.57394  -0.991741  0.0241908  
1.57408  -0.991221  0.0232422  
1.57408  -0.991221  0.0232422  
1.57399  -0.991334  0.0231445  
1.57399  -0.991334  0.0231445  
1.57399  -0.991334  0.0231445  
1.57399  -0.991334  0.0231445  
1.57446  -0.991159  0.02345  
1.57446  -0.991159  0.02345  
1.57446  -0.991159  0.02345  
1.57498  -0.991044  0.0223917  
1.57498  -0.991044  0.0223917  
1.57314  -0.993134  0.0234896  
1.57314  -0.993134  0.0234896  
1.57451  -0.991954  0.0236796  
1.57451  -0.991954  0.0236796  
1.57451  -0.991954  0.0236796  
1.57475  -0.99006  0.0246031  
1.57475  -0.99006  0.0246031  
1.57475  -0.99006  0.0246031  
1.57924  -0.987467  0.0226328  
1.57924  -0.987467  0.0226328  
1.57924  -0.987467  0.0226328  
1.57924  -0.987467  0.0226328  
1.58075  -0.989353  0.0243133  
1.58075  -0.989353  0.0243133  
1.58131  -0.981586  0.0206787  
1.58131  -0.981586  0.0206787  
1.58131  -0.981586  0.0206787  
1.58131  -0.981586  0.0206787  
1.58131  -0.981586  0.0206787  
1.58131  -0.981586  0.0206787  
1.58131  -0.981586  0.0206787  
1.58131  -0.981586  0.0206787  
1.58131  -0.981586  0.0206787  
1.58131  -0.981586  0.0206787  
1.58131  -0.981586  0.0206787  
1.58131  -0.981586  0.0206787  
1.58131  -0.981586  0.0206787  
1.58131  -0.981586  0.0206787  
1.58131  -0.981586  0.0206787  
1.58131  -0.981586  0.0206787  
1.58131  -0.981586  0.0206787  
1.58131  -0.981586  0.0206787  
1.58131  -0.981586  0.0206787  
1.58131  -0.981586  0.0206787  
1.58039  -0.891557  0.0258562  
1.58086  -0.876258  0.0243049  
1.58086  -0.876258  0.0243049  
1.58086  -0.876258  0.0243049  
1.58082  -0.858387  0.0252515  
1.58082  -0.858387  0.0252515  
1.58025  -0.841459  0.0253271  
1.58025  -0.841459  0.0253271  
1.58025  -0.841459  0.0253271  
1.5816  -0.819825  0.023541  
1.5816  -0.819825  0.023541  
1.5816  -0.819825  0.023541  
1.58212  -0.799498  0.023753  
1.58212  -0.799498  0.023753  
1.58212  -0.799498  0.023753  
1.58315  -0.776209  0.027079  
1.58315  -0.776209  0.027079  
1.58315  -0.776209  0.027079  
1.58336  -0.753922  0.0283993  
1.58336  -0.753922  0.0283993  
1.58409  -0.737638  0.0286216  
1.58409  -0.737638  0.0286216  
1.58402  -0.719741  0.0281271  
1.58402  -0.719741  0.0281271  
1.58402  -0.719741  0.0281271  
1.58553  -0.701265  0.0276947  
1.58553  -0.701265  0.0276947  
1.58553  -0.701265  0.0276947  
1.58681  -0.680985  0.0250758  
1.58681  -0.680985  0.0250758  
1.58681  -0.680985  0.0250758  
1.58318  -0.668766  0.024046  
1.58318  -0.668766  0.024046  
1.58508  -0.649587  0.0252498  
1.58508  -0.649587  0.0252498  
1.58508  -0.649587  0.0252498  
1.58537  -0.631765  0.0230471  
1.58537  -0.631765  0.0230471  
1.58537  -0.631765  0.0230471  
1.58537  -0.631765  0.0230471  
1.5847  -0.612641  0.0247581  
1.5847  -0.612641  0.0247581  
1.58473  -0.592398  0.0236318  
1.58473  -0.592398  0.0236318  
1.58473  -0.592398  0.0236318  
1.58522  -0.571495  0.0240116  
1.58522  -0.571495  0.0240116  
1.58522  -0.571495  0.0240116  
1.58622  -0.549104  0.0239237  
1.58622  -0.549104  0.0239237  
1.58622  -0.549104  0.0239237  
1.58622  -0.549104  0.0239237  
1.58622  -0.549104  0.0239237  
1.58622  -0.549104  0.0239237  
1.58622  -0.549104  0.0239237  
1.58622  -0.549104  0.0239237  
1.58622  -0.549104  0.0239237  
1.58622  -0.549104  0.0239237  
1.58622  -0.549104  0.0239237  
1.58622  -0.549104  0.0239237  
1.58634  -0.471186  0.021478  
1.58634  -0.471186  0.021478  
1.58634  -0.471186  0.021478  
1.58634  -0.471186  0.021478  
1.58634  -0.471186  0.021478  
1.58634  -0.471186  0.021478  
1.58634  -0.471186  0.021478  
1.58506  -0.455783  0.022087  
1.58751  -0.420593  0.0231806  
1.58751  -0.420593  0.0231806  
1.58672  -0.406015  0.0222048  
1.58672  -0.406015  0.0222048  
1.58672  -0.406015  0.0222048  
1.58419  -0.391981  0.0205391  
1.58419  -0.391981  0.0205391  
1.58419  -0.391981  0.0205391  
1.58693  -0.372846  0.0207392  
1.58693  -0.372846  0.0207392  
1.58693  -0.372846  0.0207392  
1.58693  -0.372846  0.0207392  
1.58693  -0.372846  0.0207392  
1.58693  -0.372846  0.0207392  
1.58693  -0.372846  0.0207392  
1.58693  -0.372846  0.0207392  
1.58693  -0.372846  0.0207392  
1.58693  -0.372846  0.0207392  
1.58693  -0.372846  0.0207392  
1.58693  -0.372846  0.0207392  
1.58693  -0.372846  0.0207392  
1.58693  -0.372846  0.0207392  
1.58693  -0.372846  0.0207392  
1.58693  -0.372846  0.0207392  
1.58693  -0.372846  0.0207392  
1.58693  -0.372846  0.0207392  
1.58744  -0.27663  0.0176507  
1.58744  -0.27663  0.0176507  
1.5888  -0.257719  0.0173755  
1.5888  -0.257719  0.0173755  
1.5888  -0.257719  0.0173755  
1.58873  -0.239083  0.0167682  
1.58873  -0.239083  0.0167682  
1.58873  -0.239083  0.0167682  
1.58907  -0.222024  0.0195927  
1.58907  -0.222024  0.0195927  
1.58705  -0.205423  0.0174458  
1.58705  -0.205423  0.0174458  
1.58705  -0.205423  0.0174458  
1.58721  -0.188072  0.0178481  
1.58721  -0.188072  0.0178481  
1.58721  -0.188072  0.0178481  
1.5875  -0.171962  0.0186459  
1.5875  -0.171962  0.0186459  
1.5866  -0.159607  0.0167131  
1.5866  -0.159607  0.0167131  
1.5866  -0.159607  0.0167131  
1.58623  -0.146586  0.0182973  
1.58623  -0.146586  0.0182973  
1.58623  -0.146586  0.0182973  
1.58769  -0.135047  0.0197546  
1.58769  -0.135047  0.0197546  
1.58769  -0.135047  0.0197546  
1.58711  -0.124511  0.0196775  
1.58711  -0.124511  0.0196775  
1.58711  -0.124511  0.0196775  
1.58731  -0.113709  0.0201992  
1.58731  -0.113709  0.0201992  
1.58731  -0.113709  0.0201992  
1.58726  -0.103498  0.0207986  
1.58726  -0.103498  0.0207986  
1.58689  -0.0940209  0.0196627  
1.58689  -0.0940209  0.0196627  
1.58689  -0.0940209  0.0196627  
1.58689  -0.0940209  0.0196627  
1.58317  -0.0860289  0.0183462  
1.58317  -0.0860289  0.0183462  
1.58584  -0.0738468  0.0194663  
1.58584  -0.0738468  0.0194663  
1.58584  -0.0738468  0.0194663  
1.58418  -0.0644228  0.0208792  
1.58418  -0.0644228  0.0208792  
1.58418  -0.0644228  0.0208792  
1.58363  -0.0522609  0.0203851  
1.58363  -0.0522609  0.0203851  
1.58376  -0.0421561  0.0217334  
1.58376  -0.0421561  0.0217334  
1.5821  -0.0309268  0.0225946  
1.5821  -0.0309268  0.0225946  
1.5821  -0.0309268  0.0225946  
1.58101  -0.0235437  0.0237255  
1.58101  -0.0235437  0.0237255  
1.58101  -0.0235437  0.0237255  
1.58101  -0.0235437  0.0237255  
1.58101  -0.0235437  0.0237255  
1.58101  -0.0130566  0.0252502  
1.58275  -0.00421603  0.0254814  
1.58275  -0.00421603  0.0254814  
1.58096  -0.00143755  0.0257255  
1.58096  -0.00143755  0.0257255  
1.58096  -0.00143755  0.0257255  
1.58116  0.00405637  0.0249899  
1.58116  0.00405637  0.0249899  
1.58116  0.00405637  0.0249899  
1.5806  0.010951  0.0250336  
1.5806  0.010951  0.0250336  
1.58267  0.0168543  0.0261252  
1.58267  0.0168543  0.0261252  
1.58267  0.0168543  0.0261252  
1.58267  0.0168543  0.0261252  
1.58166  0.0204013  0.0257898  
1.58166  0.0204013  0.0257898  
1.57965  0.0215098  0.0223161  
1.57965  0.0215098  0.0223161  
1.57965  0.0215098  0.0223161  
1.57997  0.0255171  0.0226114  
1.57997  0.0255171  0.0226114  
1.57997  0.0255171  0.0226114  
1.57873  0.029163  0.0241998  
1.57873  0.029163  0.0241998  
1.57873  0.029163  0.0241998  
1.58417  0.0328121  0.0237416  
1.58417  0.0328121  0.0237416  
1.58417  0.0328121  0.0237416  
1.58356  0.0307981  0.0234819  
1.58356  0.0307981  0.0234819  
1.58255  0.029606  0.0225582  
1.58255  0.029606  0.0225582  
1.58255  0.029606  0.0225582  
1.58131  0.027878  0.0236016  
1.58131  0.027878  0.0236016  
1.58131  0.027878  0.0236016  
1.58356  0.030807  0.0228226  
1.58356  0.030807  0.0228226  
1.58356  0.030807  0.0228226  
1.58199  0.0286534  0.0199623  
1.58199  0.0286534  0.0199623  
1.58333  0.0309436  0.0206419  
1.58333  0.0309436  0.0206419  
1.58333  0.0309436  0.0206419  
1.58367  0.0302766  0.0229047  
1.58367  0.0302766  0.0229047  
1.58131  0.0282379  0.0220233  
1.58131  0.0282379  0.0220233  
1.58131  0.0282379  0.0220233  
1.58211  0.0300365  0.0247809  
1.58211  0.0300365  0.0247809  
1.58211  0.0300365  0.0247809  
1.58247  0.0298485  0.0246689  
1.58247  0.0298485  0.0246689  
1.58247  0.0298485  0.0246689  
1.58295  0.0291901  0.0259543  
1.58295  0.0291901  0.0259543  
1.58124  0.0275381  0.0228416  
1.58124  0.0275381  0.0228416  
1.58124  0.0275381  0.0228416  
1.58213  0.0283425  0.0237449  
1.58213  0.0283425  0.0237449  
1.58213  0.0283425  0.0237449  
1.58171  0.0284949  0.0238686  
1.58171  0.0284949  0.0238686  
1.58171  0.0284949  0.0238686  
1.58314  0.0299337  0.0241378  
1.58314  0.0299337  0.0241378  
1.58314  0.0299337  0.0241378  
1.58314  0.0299337  0.0241378  
1.58142  0.0272337  0.0245637  
1.58262  0.0285254  0.0249159  
1.58262  0.0285254  0.0249159  
1.58262  0.0285254  0.0249159  
1.58178  0.0274582  0.024547  
1.58178  0.0274582  0.024547  
1.58279  0.0287186  0.0253577  
1.58279  0.0287186  0.0253577  
1.58279  0.0287186  0.0253577  
1.58321  0.0309458  0.0245079  
1.58321  0.0309458  0.0245079  
1.58131  0.0275506  0.0225214  
1.58131  0.0275506  0.0225214  
1.58131  0.0275506  0.0225214  
1.58151  0.028624  0.0244771  
1.58151  0.028624  0.0244771  
1.58151  0.028624  0.0244771  
1.58227  0.0285641  0.0262317  
1.58227  0.0285641  0.0262317  
1.58227  0.0285641  0.0262317  
1.58229  0.0296203  0.022149  
1.58229  0.0296203  0.022149  
1.58141  0.027972  0.0227796  
1.58141  0.027972  0.0227796  
1.58224  0.0285704  0.0221375  
1.58224  0.0285704  0.0221375  
1.58224  0.0285704  0.0221375  
1.5819  0.0291206  0.0227147  
1.5819  0.0291206  0.0227147  
1.5819  0.0291206  0.0227147  
1.58103  0.0282617  0.0230513  
1.58103  0.0282617  0.0230513  
1.58297  0.0301195  0.0235034  
1.58297  0.0301195  0.0235034  
1.58297  0.0301195  0.0235034  
1.58381  0.0314023  0.0222477  
1.58381  0.0314023  0.0222477  
1.58381  0.0314023  0.0222477  
1.58168  0.0283288  0.0219817  
1.58168  0.0283288  0.0219817  
1.58168  0.0283288  0.0219817  
1.58093  0.026998  0.0213313  
1.58093  0.026998  0.0213313  
1.58093  0.026998  0.0213313  
1.58093  0.026998  0.0213313  
1.58165  0.0283418  0.0210234  
1.58151  0.0284863  0.0209663  
1.58151  0.0284863  0.0209663  
1.58151  0.0284863  0.0209663  
1.58282  0.0290493  0.0216608  
1.58282  0.0290493  0.0216608  
1.58299  0.0287437  0.023443  
1.58299  0.0287437  0.023443  
1.58299  0.0287437  0.023443  
1.58146  0.0267403  0.0240132  
1.58146  0.0267403  0.0240132  
1.58119  0.028024  0.0233831  
1.58119  0.028024  0.0233831  
1.58119  0.028024  0.0233831  
1.58188  0.0279739  0.0230186  
1.58188  0.0279739  0.0230186  
1.5816  0.0264854  0.0241298  
1.5816  0.0264854  0.0241298  
1.5816  0.0264854  0.0241298  
1.5816  0.0264854  0.0241298  
1.58156  0.0268793  0.0229036  
1.58156  0.0268793  0.0229036  
1.58156  0.0268793  0.0229036  
1.58174  0.0272687  0.02252  
1.58174  0.0272687  0.02252  
1.58193  0.0269434  0.0240321  
1.58193  0.0269434  0.0240321  
1.58193  0.0269434  0.0240321  
1.58104  0.0263904  0.023754  
1.58104  0.0263904  0.023754  
1.58075  0.0261085  0.0231431  
1.58075  0.0261085  0.0231431  
1.58075  0.0261085  0.0231431  
1.58153  0.0270379  0.0230915  
1.58153  0.0270379  0.0230915  
1.58153  0.0270379  0.0230915  
1.58138  0.0264463  0.0238566  
1.58138  0.0264463  0.0238566  
1.58138  0.0264463  0.0238566  
1.58189  0.0275257  0.022089  
1.58189  0.0275257  0.022089  
1.58141  0.0262852  0.0224764  
1.58141  0.0262852  0.0224764  
1.58141  0.0262852  0.0224764  
1.58148  0.0267491  0.0227583  
1.58148  0.0267491  0.0227583  
1.5809  0.0267134  0.0203694  
1.5809  0.0267134  0.0203694  
1.5809  0.0267134  0.0203694  
1.58145  0.0265424  0.0205249  
1.58145  0.0265424  0.0205249  
1.58145  0.0265424  0.0205249  
1.58346  0.0287222  0.0217659  
1.58346  0.0287222  0.0217659  
1.58017  0.0247652  0.0194301  
1.58017  0.0247652  0.0194301  
1.58017  0.0247652  0.0194301  
1.58096  0.0259975  0.0206924  
1.58096  0.0259975  0.0206924  
1.58096  0.0259975  0.0206924  
1.57961  0.0245565  0.020677  
1.57961  0.0245565  0.020677  
1.57961  0.0245565  0.020677  
1.58126  0.0259815  0.0201906  
1.58126  0.0259815  0.0201906  
1.58174  0.0269109  0.0194589  
1.58174  0.0269109  0.0194589  
1.58174  0.0269109  0.0194589  
1.58174  0.0269109  0.0194589  
1.58174  0.0269109  0.0194589  
1.58174  0.0269109  0.0194589  
1.58174  0.0269109  0.0194589  
1.58105  0.0264111  0.0203621  
1.58105  0.0264111  0.0203621  
1.58237  0.0279308  0.0187298  
1.58237  0.0279308  0.0187298  
1.58139  0.0259221  0.022305  
1.58139  0.0259221  0.022305  
1.58139  0.0259221  0.022305  
1.57964  0.024577  0.0191466  
1.57964  0.024577  0.0191466  
1.57964  0.024577  0.0191466  
1.57964  0.024577  0.0191466  
1.57964  0.024577  0.0191466  
1.57964  0.024577  0.0191466  
1.57964  0.024577  0.0191466  
1.57964  0.024577  0.0191466  
1.57964  0.024577  0.0191466  
1.57964  0.024577  0.0191466  
1.57964  0.024577  0.0191466  
1.57964  0.024577  0.0191466  
1.57964  0.024577  0.0191466  
1.57964  0.024577  0.0191466  
1.57964  0.024577  0.0191466  
1.57964  0.024577  0.0191466  
1.57964  0.024577  0.0191466  
1.57964  0.024577  0.0191466  
1.57964  0.024577  0.0191466  
1.57964  0.024577  0.0191466  
1.57964  0.024577  0.0191466  
1.57964  0.024577  0.0191466  
1.57964  0.024577  0.0191466  
1.57964  0.024577  0.0191466  
1.57964  0.024577  0.0191466  
1.57964  0.024577  0.0191466  
1.57964  0.024577  0.0191466  
1.57964  0.024577  0.0191466  
1.57964  0.024577  0.0191466  
1.57964  0.024577  0.0191466  
1.57964  0.024577  0.0191466  
1.57964  0.024577  0.0191466  
1.57964  0.024577  0.0191466  
1.57964  0.024577  0.0191466  
1.57964  0.024577  0.0191466  
1.57964  0.024577  0.0191466  
1.57964  0.024577  0.0191466  
1.57964  0.024577  0.0191466  
1.57964  0.024577  0.0191466  
1.57964  0.024577  0.0191466  
1.57964  0.024577  0.0191466  
1.57964  0.024577  0.0191466  
1.57964  0.024577  0.0191466  
1.57964  0.024577  0.0191466  
1.57964  0.024577  0.0191466  
1.57964  0.024577  0.0191466  
1.57964  0.024577  0.0191466  
1.57964  0.024577  0.0191466  
1.57964  0.024577  0.0191466  
1.57964  0.024577  0.0191466  
1.57964  0.024577  0.0191466  
1.57964  0.024577  0.0191466  
1.57964  0.024577  0.0191466  
1.57964  0.024577  0.0191466  
1.57964  0.024577  0.0191466  
