   1.414  -2.356   1.571    -0.7854     0.7854      10   -8.48       1
   1.414  -2.356   1.571    -0.7854     0.7854      10   -8.48       1
   1.414  -2.356   1.571    -0.7853     0.7854      10  -8.479       1
   1.413  -2.354   1.572     -0.785     0.7837      10  -8.469       1
   1.413  -2.355   1.572     -0.785     0.7839      10  -8.471       1
   1.417  -2.358   1.569    -0.7855     0.7876      10  -8.484       1
   1.416  -2.358   1.569    -0.7854     0.7868      10  -8.483       1
   1.416  -2.358   1.569    -0.7854      0.787      10  -8.483       1
   1.446  -2.378   1.547    -0.7841     0.8074      10  -8.471       1
   1.433  -2.371   1.556    -0.7858     0.8002      10    -8.5       1
    1.42  -2.361   1.566    -0.7856     0.7901      10  -8.488       1
    1.43   -2.37   1.558     -0.786     0.7992      10  -8.508       1
   1.433  -2.372   1.556    -0.7857     0.8009      10    -8.5       1
    1.43  -2.369   1.558    -0.7856     0.7981      10  -8.496       1
   1.431   -2.37   1.558    -0.7857     0.7988      10  -8.499       1
   1.417  -2.358   1.569    -0.7855     0.7876      10  -8.484       1
   1.428  -2.368    1.56    -0.7864     0.7976      10   -8.51       1
   1.427  -2.367    1.56    -0.7859     0.7962      10  -8.501       1
   1.423  -2.363   1.564    -0.7852     0.7919      10  -8.481       1
   1.425  -2.365   1.562    -0.7856     0.7942      10  -8.491       1
   1.412  -2.353   1.573     -0.785     0.7824      10  -8.467       1
   1.423  -2.363   1.564    -0.7855     0.7924      10  -8.488       1
   1.428  -2.367    1.56    -0.7856     0.7961      10  -8.493       1
   1.423  -2.363   1.564    -0.7855     0.7926      10  -8.488       1
   1.422  -2.363   1.564    -0.7857     0.7924      10  -8.493       1
   1.414  -2.357    1.57    -0.7861     0.7866      10  -8.496       1
   1.423  -2.363   1.564    -0.7855     0.7924      10  -8.488       1
   1.424  -2.364   1.563    -0.7853      0.793      10  -8.484       1
   1.424  -2.364   1.563    -0.7854     0.7928      10  -8.487       1
   1.407   -2.35   1.577     -0.785     0.7789      10  -8.467       1
   1.423  -2.363   1.564    -0.7855     0.7926      10  -8.488       1
    1.41  -2.352   1.574    -0.7846      0.781      10  -8.462       1
    1.42  -2.362   1.564    -0.7849     0.7914      10  -8.486       1
   1.431  -2.365   1.551    -0.7744     0.7943      10  -8.336       1
   1.409  -2.356   1.543    -0.7575     0.7854      10  -8.166       1
   1.423  -2.357   1.519    -0.7346     0.7864      10  -7.841       1
   1.425  -2.361   1.486    -0.7054     0.7907      10  -7.508       1
   1.443  -2.376   1.427    -0.6611     0.8049      10  -6.991       1
   1.439  -2.379   1.385    -0.6224     0.8081      10  -6.563       1
   1.452  -2.395   1.341    -0.5947     0.8246      10  -6.275       1
   1.424   -2.36   1.272    -0.4904     0.7893      10  -4.925       1
   1.424   -2.36   1.272    -0.4904     0.7893      10  -4.925       1
   1.411  -2.357   1.221    -0.4365     0.7863      10   -4.31       1
   1.425  -2.378   1.092    -0.3286     0.8071      10  -3.086       1
   1.406  -2.345   1.076    -0.2789      0.774      10  -2.366       1
   1.409   -2.37  0.9499    -0.1786     0.7995      10  -1.304       1
   1.408  -2.374  0.9029    -0.1354     0.8033      10 -0.8132       1
   1.416  -2.371  0.8624   -0.09163        0.8      10 -0.2364       1
   1.416  -2.378  0.8214   -0.05736     0.8067      10  0.1349       1
   1.409  -2.371  0.7582    0.01213     0.8005      10    0.98       1
   1.406  -2.362  0.6875    0.09189     0.7914   9.271    1.98       1
   1.402  -2.382  0.6621    0.09704     0.8117   9.313   1.902       1
   1.397  -2.349  0.6428     0.1498     0.7782   8.461   2.719       1
    1.37  -2.401  0.5479     0.1927     0.8302   8.149   2.812       1
   1.367  -2.348  0.5538       0.24      0.777   7.251   3.687       1
   1.376  -2.335  0.5369     0.2696     0.7643   6.854   4.152       1
   1.356  -2.347  0.4816     0.3131     0.7761   6.324   4.526       1
   1.356  -2.347  0.4816     0.3131     0.7761   6.324   4.526       1
   1.347  -2.328  0.4333       0.38     0.7575   5.372   5.402       1
   1.465  -2.319  0.4246     0.3981     0.7481   5.572    6.15       1
   1.317  -2.351  0.3787     0.4119     0.7802   5.005   5.529       1
   1.328  -2.335  0.3796     0.4265     0.7646   4.782   5.844       1
   1.333  -2.308  0.3853     0.4486     0.7369   4.371   6.296       1
   1.305   -2.34  0.3539      0.448     0.7689   4.457   5.981       1
   1.294  -2.343  0.3348      0.464      0.772   4.239   6.111       1
   1.299  -2.323  0.3401     0.4789     0.7518    3.96   6.433       1
   1.294  -2.328  0.3333     0.4807     0.7568    3.95   6.404       1
   1.283  -2.325  0.3297     0.4867     0.7543   3.817   6.447       1
   1.265  -2.331  0.3256     0.4848     0.7603   3.802   6.314       1
   1.279  -2.344  0.3236      0.474     0.7733    4.07   6.166       1
   1.263   -2.31  0.3393     0.4927     0.7387   3.573   6.533       1
   1.262  -2.293  0.3497     0.4984     0.7227   3.402   6.691       1
   1.245   -2.26  0.3675     0.5137     0.6896   2.952   7.006       1
   1.251  -2.276  0.3698     0.4959      0.705   3.283   6.724       1
   1.251  -2.276  0.3698     0.4959      0.705   3.283   6.724       1
   1.241  -2.281  0.3674     0.4936     0.7098   3.301    6.63       1
   1.228  -2.275  0.3717     0.4947     0.7044   3.202   6.621       1
   1.211  -2.281  0.3675     0.4935     0.7099   3.182   6.506       1
   1.222  -2.271  0.3781     0.4921     0.7006   3.186   6.589       1
   1.213  -2.257  0.3878     0.4967     0.6863   3.008   6.694       1
   1.204  -2.253  0.3976     0.4912      0.682   3.015   6.619       1
   1.199  -2.252   0.403     0.4864     0.6813   3.048   6.547       1
   1.187  -2.252  0.4079     0.4816     0.6813   3.057   6.439       1
   1.168  -2.282   0.395     0.4646     0.7112   3.364    5.98       1
   1.182  -2.234  0.4272     0.4804     0.6632   2.943   6.515       1
   1.169   -2.25  0.4198     0.4722     0.6788   3.084   6.271       1
   1.146  -2.259  0.4208     0.4618     0.6882   3.172   5.996       1
   1.083  -2.213  0.4343     0.4939     0.6426   2.259   6.403       1
   1.124  -2.271  0.4198     0.4507     0.7003   3.288     5.7       1
   1.136  -2.296  0.4192     0.4261     0.7254   3.783   5.304       1
   1.108  -2.257  0.4344     0.4506     0.6859   3.142   5.725       1
   1.079  -2.236  0.4443     0.4609     0.6656   2.778   5.852       1
   1.096  -2.253  0.4464     0.4417     0.6827   3.179   5.588       1
   1.097  -2.209  0.4708     0.4615     0.6385   2.681   6.094       1
   1.076  -2.236  0.4595      0.446     0.6653   2.944   5.665       1
   1.076  -2.233  0.4653     0.4437     0.6618   2.951   5.658       1
   1.065  -2.233  0.4695     0.4387     0.6626   2.971   5.549       1
   1.069  -2.213  0.4893     0.4398     0.6417   2.847   5.702       1
   1.055   -2.21  0.4928     0.4385     0.6395   2.795   5.643       1
   1.056  -2.151  0.5267     0.4641       0.58   2.137   6.314       1
   1.051  -2.208  0.5019     0.4312     0.6377   2.853   5.551       1
   1.047  -2.189  0.5158     0.4365     0.6184   2.661   5.717       1
   1.051  -2.259  0.4823     0.3998     0.6886   3.539   4.872       1
   1.003  -2.212  0.5135     0.4159     0.6414   2.868   5.153       1
   1.019  -2.182  0.5317     0.4279     0.6112   2.607   5.543       1
   1.006  -2.186  0.5309     0.4244     0.6154   2.623   5.424       1
   1.022   -2.18  0.5387     0.4226     0.6096   2.675   5.501       1
   1.003  -2.168  0.5438     0.4298     0.5973    2.44   5.587       1
   0.981  -2.178  0.5393     0.4247     0.6069    2.47   5.379       1
  0.9752  -2.191  0.5346      0.416     0.6202    2.63   5.171       1
  0.9814  -2.149  0.5589     0.4334     0.5785   2.196   5.655       1
   0.949  -2.152  0.5515     0.4382     0.5811   2.024   5.568       1
  0.9682  -2.124  0.5792      0.438     0.5537   1.939   5.806       1
  0.9578  -2.148  0.5668     0.4271     0.5768   2.167   5.496       1
   0.951  -2.134  0.5764     0.4314     0.5629   2.004   5.604       1
  0.9178  -2.107  0.5841     0.4505     0.5362   1.482    5.86       1
  0.9292  -2.141  0.5779     0.4228     0.5701   2.063    5.37       1
   0.927  -2.117  0.5989     0.4258      0.546   1.874   5.541       1
  0.9124  -2.118  0.6032     0.4207      0.547   1.883   5.416       1
  0.9163  -2.111  0.6078     0.4223     0.5406   1.841   5.489       1
  0.9125  -2.115  0.6081     0.4185     0.5442   1.894   5.407       1
  0.9062  -2.093  0.6212     0.4276      0.522   1.626   5.624       1
  0.9094  -2.073  0.6383     0.4303     0.5022   1.487   5.788       1
  0.8796   -2.04  0.6515     0.4502      0.469  0.9296   6.107       1
  0.8856  -2.079  0.6423       0.42     0.5084   1.552   5.533       1
  0.8827  -2.122  0.6298     0.3898     0.5512    2.16   4.902       1
  0.8095  -2.111  0.6351      0.395     0.5406   1.742   4.734       1
   0.873  -2.034  0.6887     0.4184     0.4637   1.253   5.731       1
  0.8513  -2.085  0.6675      0.389     0.5143   1.823   4.987       1
  0.8572  -2.045   0.695     0.4012     0.4747   1.462   5.395       1
  0.8471   -2.07  0.6853     0.3862     0.4992   1.749   5.028       1
  0.8255  -2.084  0.6857     0.3718     0.5133   1.921   4.684       1
  0.8192  -2.099  0.6824     0.3598     0.5286   2.131   4.422       1
  0.8103  -2.083  0.6954     0.3635     0.5119   1.951   4.532       1
  0.8221  -2.058  0.7135     0.3698     0.4876   1.776     4.8       1
  0.8111  -2.067  0.7116     0.3627     0.4966   1.872   4.617       1
  0.8044  -2.056  0.7205     0.3652     0.4851   1.746   4.689       1
  0.7973  -2.064  0.7182     0.3598     0.4927   1.828   4.551       1
  0.7932  -2.059  0.7237     0.3592     0.4879    1.79   4.556       1
  0.7891  -2.051  0.7298     0.3608     0.4802   1.709   4.604       1
  0.7686  -2.062  0.7295     0.3506     0.4907   1.812   4.337       1
   0.771  -2.037  0.7466     0.3578     0.4664    1.59   4.579       1
  0.7626  -2.035  0.7503     0.3567     0.4638   1.552   4.548       1
   0.763  -2.009  0.7682     0.3648     0.4378   1.301   4.803       1
  0.7617  -1.996  0.7763     0.3697     0.4248   1.159   4.935       1
  0.7448  -2.024  0.7696     0.3475     0.4537   1.532   4.427       1
  0.7244  -2.043  0.7659     0.3325     0.4724   1.742   4.053       1
  0.7135  -1.981  0.7932     0.3678     0.4098  0.8996   4.808       1
  0.7203  -2.017  0.7888     0.3358     0.4462   1.529   4.234       1
  0.7213  -1.992   0.806     0.3438      0.421   1.286   4.485       1
  0.7101  -1.999  0.8025     0.3396     0.4287   1.337   4.344       1
  0.7094  -1.989  0.8115     0.3412     0.4181   1.253   4.423       1
  0.7068  -1.989  0.8135     0.3387     0.4187   1.275   4.379       1
  0.6937  -2.006  0.8067     0.3289     0.4351   1.438   4.111       1
   0.698  -1.963  0.8329     0.3456     0.3923  0.9985   4.585       1
  0.6854  -1.983  0.8247     0.3343     0.4118   1.202   4.282       1
  0.6881  -1.964  0.8367     0.3407     0.3933   1.024   4.481       1
  0.6803  -1.951  0.8475     0.3428     0.3805  0.8906   4.552       1
  0.6268  -2.023  0.8194     0.2992     0.4522    1.63   3.384       1
  0.6232  -2.017  0.8266     0.2983     0.4459   1.589   3.397       1
  0.6637   -1.96  0.8613     0.3204     0.3891   1.144   4.165       1
  0.6554  -1.956  0.8661     0.3192     0.3855   1.104   4.139       1
  0.6488  -1.969  0.8657     0.3065     0.3986    1.31   3.881       1
   0.628  -1.958  0.8719     0.3121     0.3868   1.088   3.936       1
   0.638  -1.923  0.8922      0.326     0.3526  0.7554   4.349       1
  0.6416   -1.96  0.8766     0.3051     0.3891    1.24   3.893       1
   0.613  -1.875  0.9112     0.3551     0.3045 0.01816   4.886       1
  0.6118  -1.955  0.8874     0.2992     0.3842   1.162   3.732       1
  0.6037  -1.933  0.9055     0.3028     0.3626   0.957   3.873       1
  0.6004  -1.939  0.9083      0.294     0.3686   1.085   3.718       1
   0.597  -1.919  0.9275     0.2948     0.3485  0.9414   3.834       1
  0.5862  -1.918  0.9295     0.2942     0.3471  0.8966   3.793       1
  0.5829  -1.901  0.9418     0.2983     0.3306  0.7355   3.928       1
  0.5792  -1.902  0.9449     0.2952     0.3308  0.7593   3.874       1
  0.5652  -1.889  0.9543     0.2985     0.3179  0.5857   3.936       1
   0.566  -1.925  0.9429     0.2734     0.3545   1.111   3.418       1
  0.5744    -1.9  0.9569     0.2845     0.3293  0.8593   3.736       1
  0.5576  -1.909  0.9535     0.2796     0.3378  0.9022   3.558       1
   0.543  -1.913  0.9577     0.2713     0.3418  0.9669   3.377       1
  0.5333  -1.912  0.9568     0.2731     0.3409  0.9013   3.365       1
  0.5303  -1.894  0.9676     0.2802      0.323  0.6968   3.545       1
  0.5339  -1.874   0.977     0.2902     0.3036  0.4745   3.796       1
  0.5299  -1.836  0.9919     0.3134     0.2655-0.04828   4.288       1
  0.5131  -1.919  0.9628     0.2601     0.3479   1.019   3.086       1
  0.5281  -1.937  0.9641      0.241     0.3657   1.414   2.811       1
  0.5201  -1.923  0.9729     0.2459     0.3519   1.241    2.92       1
   0.501  -1.884  0.9877     0.2702     0.3129   0.639   3.369       1
  0.4852  -1.926  0.9693     0.2459     0.3556   1.123   2.758       1
  0.4921  -1.844   1.004     0.2932     0.2735 0.09085   3.846       1
  0.4779  -1.888  0.9835     0.2698     0.3175  0.5797   3.244       1
  0.4846  -1.857  0.9936     0.2906     0.2866  0.1714   3.705       1
  0.4654  -1.857  0.9872     0.2971     0.2865 0.01582   3.708       1
  0.4654  -1.857  0.9872     0.2971     0.2865 0.01582   3.708       1
  0.4611  -1.822  0.9945     0.3253      0.251 -0.5537   4.242       1
  0.4603  -1.819   0.994     0.3291     0.2477 -0.6211   4.304       1
  0.4495  -1.834  0.9856      0.322     0.2632 -0.4862   4.082       1
  0.4462  -1.847  0.9824     0.3121     0.2762 -0.3036   3.873       1
   0.413  -1.775   1.031     0.3356     0.2039  -1.152   4.456       1
  0.4154  -1.764   1.039     0.3394     0.1928  -1.254   4.578       1
  0.4409  -1.803   1.058     0.2801     0.2323  -0.204   3.732       1
  0.4388  -1.794   1.072     0.2749     0.2236 -0.2026   3.713       1
  0.4343  -1.826   1.072     0.2429     0.2555  0.3551   3.119       1
  0.4447  -1.782   1.107     0.2527     0.2113 0.01418   3.544       1
  0.4257  -1.825   1.112     0.2048     0.2542  0.7704   2.635       1
   0.424  -1.856   1.113     0.1733     0.2847   1.325   2.067       1
  0.4077  -1.812   1.134     0.1955     0.2411  0.7318    2.53       1
  0.4102  -1.783   1.145     0.2132     0.2126  0.3579   2.924       1
   0.411  -1.798   1.137     0.2068     0.2271  0.5249   2.763       1
  0.3957  -1.804   1.134     0.2038     0.2328  0.5334   2.632       1
  0.4003  -1.779   1.143     0.2197     0.2085  0.2161   2.986       1
  0.3976  -1.758   1.149     0.2346     0.1868 -0.1037   3.284       1
  0.3904  -1.801   1.138     0.2032     0.2301   0.504   2.619       1
  0.3806  -1.793   1.139     0.2089     0.2226  0.3507   2.694       1
  0.3564  -1.762   1.149     0.2311     0.1911 -0.2007   3.052       1
  0.3784  -1.781    1.16     0.2009     0.2104  0.3651   2.662       1
  0.3742  -1.823    1.15     0.1688     0.2524  0.9856   2.008       1
  0.3798  -1.792   1.165     0.1852      0.221  0.6233   2.415       1
  0.3692  -1.776   1.172     0.1935     0.2048  0.3838    2.57       1
  0.3674  -1.773   1.171     0.1975     0.2026  0.3148   2.625       1
  0.3668  -1.791   1.151     0.2002     0.2199   0.384   2.551       1
  0.3666  -1.785   1.148     0.2085     0.2139  0.2478   2.685       1
  0.3636  -1.757   1.147     0.2374     0.1864 -0.2755   3.185       1
  0.3582  -1.775   1.137       0.23     0.2042 -0.1017   2.967       1
   0.357  -1.776   1.135     0.2313     0.2047 -0.1184   2.975       1
  0.3571  -1.776   1.135     0.2307     0.2054 -0.1077   2.965       1
   0.355  -1.751   1.154     0.2362     0.1805 -0.3314   3.171       1
  0.3503  -1.777   1.154     0.2103     0.2063  0.1152   2.687       1
  0.3521  -1.758   1.163     0.2208     0.1868   -0.12   2.937       1
  0.3488   -1.79    1.16     0.1919      0.219  0.4069   2.383       1
  0.3493  -1.757   1.172     0.2127     0.1863-0.03676   2.831       1
  0.3475  -1.764   1.177      0.201     0.1931   0.137   2.643       1
  0.3469  -1.764   1.182     0.1958      0.193   0.196   2.579       1
  0.3444  -1.886   1.161    0.09511     0.3151   2.127  0.6282       1
  0.3409  -1.786   1.191     0.1651     0.2151  0.6736   2.054       1
  0.3418  -1.762     1.2     0.1798     0.1909  0.3552    2.38       1
  0.3378  -1.793    1.19     0.1584     0.2222  0.7836   1.919       1
  0.3249   -1.85   1.174     0.1173     0.2796    1.57   1.029       1
  0.3298  -1.782   1.193      0.166     0.2116  0.5968   2.042       1
  0.3223  -1.793   1.191     0.1572     0.2225  0.7382    1.84       1
  0.3173  -1.776   1.196     0.1696     0.2053  0.4654   2.073       1
  0.3099  -1.762   1.198     0.1824     0.1907  0.1953   2.284       1
  0.3065  -1.758   1.199     0.1853     0.1868   0.124   2.328       1
  0.2982  -1.825    1.18     0.1361     0.2546   1.087   1.298       1
  0.2938  -1.795    1.19     0.1565     0.2245  0.6439   1.706       1
  0.2908   -1.78   1.194     0.1671     0.2097   0.416   1.911       1
  0.2845   -1.73   1.207     0.2045     0.1597 -0.3582   2.634       1
  0.2831  -1.786   1.193     0.1624     0.2153  0.4758   1.789       1
  0.2839  -1.811   1.188     0.1426     0.2403  0.8653   1.406       1
  0.2735  -1.786   1.205     0.1506     0.2152  0.5775    1.61       1
  0.2714   -1.73   1.237     0.1739     0.1596-0.04405   2.215       1
  0.2784  -1.629   1.274      0.239    0.05793  -1.407   3.633       1
   0.277   -1.69   1.262     0.1896     0.1196 -0.4497   2.666       1
  0.2712  -1.661   1.273     0.2076    0.08977  -0.868   3.037       1
  0.2613   -1.68   1.286     0.1748     0.1097 -0.3941   2.484       1
  0.2852  -1.703   1.287     0.1508     0.1327  0.1272   2.154       1
  0.2558  -1.738   1.295     0.1082     0.1674   0.729   1.317       1
  0.2427  -1.651   1.328     0.1628    0.07998 -0.5023   2.444       1
    0.25  -1.682   1.325     0.1349     0.1113 0.04954   1.951       1
  0.2574  -1.619   1.349     0.1735    0.04859 -0.7604    2.82       1
  0.2519  -1.683    1.33     0.1283     0.1121  0.1409   1.875       1
  0.2357  -1.736   1.312    0.09325     0.1657  0.8179   1.067       1
  0.2478  -1.729    1.31      0.103     0.1579  0.7018    1.28       1
  0.2411  -1.674   1.321     0.1469     0.1029 -0.1814    2.11       1
  0.2462  -1.608   1.343     0.1898    0.03769  -1.066   3.036       1
  0.2378  -1.678   1.323     0.1407     0.1067 -0.0965   1.999       1
  0.2312  -1.573   1.347     0.2211    0.00232  -1.714   3.564       1
  0.2295   -1.62   1.341     0.1809    0.04921 -0.9579   2.794       1
  0.2251  -1.645    1.33     0.1663    0.07433 -0.6491    2.45       1
  0.2263  -1.698   1.324     0.1192     0.1276    0.24    1.57       1
  0.2259   -1.65   1.339      0.152    0.07949 -0.4431   2.251       1
  0.2244  -1.651   1.345      0.146    0.07991 -0.3752    2.17       1
  0.2223  -1.632   1.362     0.1476    0.06164 -0.5124   2.291       1
  0.2102  -1.562   1.379     0.2011  -0.009055  -1.626   3.308       1
  0.2134  -1.621    1.37     0.1508    0.04988 -0.6565   2.363       1
  0.2166  -1.644   1.371     0.1266    0.07313 -0.2139   1.947       1
  0.2124  -1.596   1.387     0.1585    0.02531 -0.9001   2.599       1
  0.2138  -1.664   1.379    0.09794    0.09366   0.242   1.469       1
  0.2147  -1.707   1.377    0.05825     0.1359  0.9752  0.7428       1
  0.2121   -1.64   1.394      0.108    0.06902-0.03408   1.731       1
  0.2083  -1.607   1.409     0.1256    0.03629 -0.4559   2.122       1
  0.2073  -1.558   1.418     0.1657   -0.01258  -1.235   2.893       1
  0.2029  -1.605   1.402     0.1351    0.03394 -0.6058   2.229       1
  0.1998  -1.632   1.398     0.1119    0.06106 -0.1774   1.775       1
  0.1984  -1.631   1.407     0.1027    0.06068-0.07415   1.661       1
  0.1984  -1.629   1.426     0.0868    0.05774 0.09862   1.489       1
  0.1914  -1.572   1.452      0.118  0.0008576 -0.6448   2.176       1
  0.1936  -1.653   1.439    0.04919    0.08217  0.6771  0.8715       1
  0.1894  -1.602   1.462    0.07834    0.030840.002692   1.513       1
    0.19  -1.618   1.468    0.05557    0.04768  0.3794   1.141       1
  0.1874  -1.694   1.461   -0.01362     0.1232   1.652 -0.1529       1
  0.1835   -1.72    1.47   -0.04865     0.1494   2.214 -0.7462       1
  0.1804  -1.686   1.476   -0.02056     0.1149   1.658 -0.2146       1
   0.198  -1.433   1.517     0.1912    -0.1376  -2.328   3.912       1
  0.1746  -1.531    1.48     0.1309   -0.04029  -1.114   2.511       1
  0.1759  -1.602   1.459    0.08086    0.03135-0.07886   1.486       1
  0.1751  -1.589   1.446     0.1062    0.01861 -0.4625   1.863       1
  0.1781  -1.712   1.415    0.01462     0.1416   1.387 0.03805       1
  0.1734  -1.631   1.438    0.07204    0.06066   0.193   1.194       1
  0.1712  -1.619   1.453    0.07015    0.04808  0.1316   1.238       1
  0.1797  -1.675   1.446    0.02068     0.1045   1.098  0.3397       1
  0.1673  -1.613   1.457    0.07127    0.04238 0.06816    1.27       1
  0.1596  -1.628   1.454    0.05885     0.0576  0.2777   0.999       1
  0.1614  -1.666   1.445    0.03045    0.09561  0.8538  0.4372       1
  0.1562  -1.796   1.423   -0.07682      0.225   2.897  -1.647       1
  0.1507  -1.559   1.456      0.127   -0.01213 -0.9936   2.199       1
  0.1316  -1.524    1.45      0.167   -0.04635  -1.756   2.809       1
  0.1476  -1.597   1.437     0.1074    0.02635 -0.5401   1.721       1
  0.1382  -1.605   1.401     0.1362    0.03373 -0.8794   1.985       1
  0.1182  -1.462   1.417     0.2632    -0.1091   -3.34   4.286       1
  0.1348  -1.613   1.409     0.1193    0.04245 -0.6374   1.716       1
  0.1361  -1.629   1.413    0.09986    0.05797 -0.3061   1.395       1
   0.133  -1.646   1.417    0.07943    0.07486 0.02811   1.036       1
  0.1411   -1.85   1.391   -0.09929     0.2793   3.431  -2.303       1
  0.1319    -1.6   1.428     0.1132    0.02946 -0.6538   1.709       1
  0.1315  -1.597   1.422      0.123    0.02602 -0.7937   1.846       1
  0.1403  -1.451   1.433      0.258    -0.1197  -3.253   4.375       1
  0.1267  -1.498   1.422     0.2215   -0.07258  -2.587     3.6       1
  0.1307  -1.596   1.418     0.1274    0.02529 -0.8539   1.899       1
  0.1298  -1.577   1.424     0.1405   0.006295  -1.129   2.168       1
  0.1274  -1.649   1.428     0.0647    0.07858  0.2047  0.8146       1
  0.1266  -1.542   1.461      0.138   -0.02856  -1.321   2.334       1
  0.1243  -1.479   1.479     0.1835   -0.09199  -2.257   3.251       1
  0.1235  -1.623   1.467    0.05158     0.0527  0.1914  0.7969       1
  0.1209  -1.617   1.475    0.05036    0.04577   0.154  0.8132       1
  0.1093  -1.656   1.476    0.00977    0.08471  0.8281 0.04612       1
  0.1188    -1.6   1.479      0.063    0.02887 -0.1074   1.058       1
  0.1159  -1.592   1.475    0.07429    0.02143 -0.2992   1.227       1
  0.1091  -1.542   1.473     0.1261   -0.02839  -1.247    2.12       1
  0.1182  -1.407   1.492     0.2423    -0.1634  -3.416   4.361       1
  0.1115  -1.552   1.478     0.1122   -0.01893  -1.014   1.906       1
  0.1103  -1.651    1.47    0.02072    0.08015  0.6735  0.2091       1
  0.1005  -1.294   1.518       0.33     -0.277  -5.219   6.023       1
   0.101  -1.593   1.494    0.05497    0.02192 -0.1241  0.9322       1
 0.09939  -1.978   1.454    -0.2902     0.4071   6.323  -5.527       1
  0.1081   -1.56   1.482    0.09929   -0.01036  -0.821   1.686       1
  0.1036  -1.386   1.504     0.2515    -0.1849  -3.713   4.542       1
  0.1013  -1.693   1.476   -0.02707     0.1219   1.461 -0.6507       1
  0.1062  -1.606   1.488    0.04729    0.03535 0.06958  0.7804       1
  0.1063  -1.649   1.484   0.008715    0.07809  0.7893 0.06137       1
  0.1056  -1.706   1.491   -0.05551      0.135   1.898  -1.053       1
  0.1055  -1.338   1.534     0.2693    -0.2329  -4.206   5.051       1
  0.1021  -1.613   1.507     0.0218    0.04216  0.3998   0.417       1
 0.09201  -1.692   1.488   -0.03858      0.121   1.557 -0.8211       1
 0.09922  -1.676   1.498   -0.03196     0.1052   1.412 -0.6181       1
 0.09972  -1.858   1.493    -0.2093      0.287   4.632  -3.835       1
 0.09762  -1.583   1.515    0.04355    0.01196-0.06035  0.8413       1
 0.09896  -1.444   1.504     0.1939    -0.1272  -2.695   3.487       1
 0.09296  -1.512   1.481     0.1487   -0.05892  -1.766    2.51       1
  0.1398  -1.556   1.457      0.129   -0.01524   -1.08   2.199       1
 0.09723  -1.494   1.467     0.1801   -0.07661  -2.232    3.01       1
     0.1    -1.6   1.469    0.07257     0.0291 -0.2962   1.096       1
 0.09433  -1.635   1.487    0.01936    0.06438  0.5313  0.2234       1
 0.09707   -2.26   1.437    -0.5551     0.6887      10     -10       1
 0.09469   -1.65   1.497  -0.005201    0.07932  0.9171 -0.1596       1
 0.09505  -1.528   1.509     0.1047   -0.04272  -1.133   1.893       1
 0.09673  -1.658   1.457    0.02637    0.08721  0.5937  0.1801       1
  0.1003  -1.772   1.401   -0.03118     0.2011   1.982  -1.179       1
 0.09581  -1.506   1.427     0.2081   -0.06444  -2.501   3.267       1
 0.09593  -1.892   1.397    -0.1479     0.3215   4.088   -3.32       1
   0.096  -1.466    1.44     0.2362    -0.1051  -3.081   3.849       1
 0.09363  -1.569   1.425     0.1481  -0.001898  -1.414   2.163       1
 0.08483  -1.467   1.437     0.2378    -0.1043   -3.14   3.819       1
  0.0916  -1.645   1.431    0.06606    0.07409 0.01823  0.7146       1
 0.09123  -1.465   1.465     0.2118    -0.1061  -2.813   3.543       1
  0.0816  -1.426   1.485     0.2301    -0.1448  -3.303   3.956       1
 0.09292  -1.837   1.448    -0.1431     0.2664   3.687  -2.944       1
 0.08581  -1.494   1.476     0.1712   -0.07637  -2.169   2.855       1
 0.08192  -1.523   1.475     0.1433   -0.04735  -1.676   2.332       1
 0.08135  -1.544   1.486     0.1109    -0.0265  -1.164   1.815       1
 0.08154  -1.534   1.494      0.114   -0.03716  -1.265   1.917       1
 0.08111  -1.668   1.491   -0.01687    0.09689   1.108 -0.4593       1
 0.09118  -1.691   1.494   -0.04334       0.12   1.605 -0.8755       1
 0.07916  -1.571   1.515    0.05604 -0.0001255 -0.3566  0.9899       1
 0.07917  -1.541   1.512    0.08809    -0.0297 -0.9186   1.552       1
 0.08019  -1.568   1.501    0.07282  -0.003234 -0.5725   1.214       1
 0.09825  -1.505   1.485     0.1513   -0.06552  -1.816   2.602       1
 0.07957  -1.576    1.47    0.09611   0.004965 -0.8052   1.442       1
 0.08165  -1.456    1.49     0.1959    -0.1151  -2.715   3.368       1
 0.08041  -1.564   1.486    0.09163  -0.007113 -0.8206   1.464       1
 0.07083  -1.534   1.493     0.1147   -0.03689  -1.314   1.881       1
 0.07752  -1.639   1.483    0.02003    0.06796  0.4775  0.1426       1
 0.07873  -1.584   1.493    0.06508    0.01283 -0.3891   1.019       1
 0.07848  -1.536   1.502     0.1029   -0.03453  -1.128   1.756       1
 0.07818  -1.548   1.502    0.09142   -0.02232 -0.9182   1.544       1
 0.08694  -1.484   1.504     0.1538   -0.08654  -2.017   2.712       1
 0.07392  -1.434   1.507     0.2005    -0.1369  -2.931   3.522       1
 0.07341  -1.529   1.509     0.1035   -0.04172  -1.199   1.786       1
 0.07494   -1.42   1.526     0.1961    -0.1512  -2.961    3.56       1
  0.0727  -1.584   1.518    0.03978    0.01278 -0.1099  0.6914       1
  0.0699  -1.593   1.528    0.02037    0.02239  0.1695  0.3898       1
  0.0681  -1.561   1.541    0.03909   -0.00975 -0.2552     0.8       1
  0.0694  -1.664   1.541   -0.06294      0.093   1.591  -1.036       1
