   2.828 -0.7854   1.571     0.7854     -2.356 -0.2257  0.2257       1
   2.828 -0.7854   1.571     0.7854     -2.356 -0.2257  0.2257       1
   2.828 -0.7854   1.571     0.7854     -2.356 -0.2257  0.2257       1
   2.828 -0.7854   1.571     0.7854     -2.356 -0.2257  0.2257       1
   2.834  -0.788   1.569     0.7845     -2.354 -0.2255  0.2255       1
   2.834  -0.788   1.568     0.7856     -2.354 -0.2258  0.2258       1
   2.833 -0.7877   1.571      0.783     -2.354  -0.225   0.225       1
   2.833 -0.7877   1.571      0.783     -2.354  -0.225   0.225       1
   2.833 -0.7883   1.567     0.7858     -2.353 -0.2259  0.2259       1
   2.833 -0.7883   1.567     0.7858     -2.353 -0.2259  0.2259       1
   2.834 -0.7878   1.568     0.7857     -2.354 -0.2258  0.2258       1
   2.834 -0.7878   1.568     0.7857     -2.354 -0.2258  0.2258       1
   2.833 -0.7879   1.568     0.7855     -2.354 -0.2258  0.2258       1
   2.833 -0.7879   1.568     0.7855     -2.354 -0.2258  0.2258       1
   2.833  -0.788   1.568     0.7858     -2.354 -0.2259  0.2259       1
   2.833  -0.788   1.568     0.7858     -2.354 -0.2259  0.2259       1
   2.833 -0.7875   1.568     0.7857     -2.354 -0.2258  0.2258       1
   2.833 -0.7875   1.568     0.7857     -2.354 -0.2258  0.2258       1
   2.833 -0.7876   1.568     0.7858     -2.354 -0.2258  0.2258       1
   2.833 -0.7879   1.568     0.7858     -2.354 -0.2258  0.2258       1
   2.833 -0.7879   1.568     0.7858     -2.354 -0.2258  0.2258       1
   2.833 -0.7879   1.568     0.7858     -2.354 -0.2258  0.2258       1
   2.834 -0.7872   1.569     0.7856     -2.354 -0.2258  0.2258       1
   2.834 -0.7872   1.569     0.7856     -2.354 -0.2258  0.2258       1
   2.832 -0.7874   1.569     0.7854     -2.354 -0.2257  0.2257       1
   2.832 -0.7874   1.569     0.7854     -2.354 -0.2257  0.2257       1
   2.834 -0.7876   1.569     0.7849     -2.354 -0.2256  0.2256       1
   2.833 -0.7873   1.569     0.7855     -2.354 -0.2258  0.2258       1
   2.833 -0.7873   1.569     0.7855     -2.354 -0.2258  0.2258       1
   2.833 -0.7872   1.569     0.7854     -2.354 -0.2257  0.2257       1
   2.833 -0.7872   1.569     0.7854     -2.354 -0.2257  0.2257       1
   2.834 -0.7877   1.568     0.7857     -2.354 -0.2258  0.2258       1
   2.834 -0.7877   1.568     0.7857     -2.354 -0.2258  0.2258       1
   2.834 -0.7866    1.57     0.7851     -2.355 -0.2256  0.2256       1
   2.834 -0.7866    1.57     0.7851     -2.355 -0.2256  0.2256       1
   2.834 -0.7866    1.57     0.7851     -2.355 -0.2256  0.2256       1
   2.834 -0.7874   1.569     0.7849     -2.354 -0.2256  0.2256       1
   2.834 -0.7874   1.569     0.7849     -2.354 -0.2256  0.2256       1
   2.833 -0.7875   1.569     0.7855     -2.354 -0.2258  0.2258       1
   2.833 -0.7881   1.568     0.7859     -2.353 -0.2259  0.2259       1
   2.833 -0.7881   1.568     0.7859     -2.353 -0.2259  0.2259       1
   2.834 -0.7879   1.568     0.7852     -2.354 -0.2257  0.2257       1
   2.834 -0.7879   1.568     0.7852     -2.354 -0.2257  0.2257       1
   2.834 -0.7879   1.568     0.7852     -2.354 -0.2257  0.2257       1
   2.834 -0.7877   1.578     0.7755     -2.354 -0.2229  0.2229       1
   2.834 -0.7877   1.578     0.7755     -2.354 -0.2229  0.2229       1
   2.834 -0.7877   1.578     0.7755     -2.354 -0.2229  0.2229       1
   2.834 -0.7877   1.578     0.7755     -2.354 -0.2229  0.2229       1
   2.833 -0.7877   1.588     0.7657     -2.354 -0.2201  0.2201       1
   2.833 -0.7877   1.588     0.7657     -2.354 -0.2201  0.2201       1
   2.831  -0.787   1.606      0.749     -2.355 -0.2153  0.2153       1
   2.831  -0.787   1.606      0.749     -2.355 -0.2153  0.2153       1
   2.831  -0.787   1.606      0.749     -2.355 -0.2153  0.2153       1
    2.83 -0.7863   1.621     0.7341     -2.355  -0.211   0.211       1
    2.83 -0.7863   1.621     0.7341     -2.355  -0.211   0.211       1
   2.829  -0.786   1.645     0.7107     -2.356 -0.2043  0.2043       1
   2.826 -0.7846   1.669     0.6876     -2.357 -0.1976  0.1976       1
   2.826 -0.7846   1.669     0.6876     -2.357 -0.1976  0.1976       1
   2.824 -0.7847   1.691     0.6663     -2.357 -0.1915  0.1915       1
    2.82 -0.7835   1.716     0.6417     -2.358 -0.1844  0.1844       1
   2.817 -0.7825   1.742     0.6166     -2.359 -0.1772  0.1772       1
   2.817 -0.7825   1.742     0.6166     -2.359 -0.1772  0.1772       1
   2.817 -0.7825   1.742     0.6166     -2.359 -0.1772  0.1772       1
   2.817 -0.7825   1.742     0.6166     -2.359 -0.1772  0.1772       1
   2.813 -0.7822   1.768     0.5913     -2.359 -0.1699  0.1699       1
   2.813 -0.7822   1.768     0.5913     -2.359 -0.1699  0.1699       1
   2.807 -0.7806   1.818     0.5429     -2.361  -0.156   0.156       1
   2.807 -0.7806   1.818     0.5429     -2.361  -0.156   0.156       1
   2.807 -0.7806   1.818     0.5429     -2.361  -0.156   0.156       1
   2.804 -0.7801   1.841     0.5207     -2.361 -0.1496  0.1496       1
   2.804 -0.7801   1.841     0.5207     -2.361 -0.1496  0.1496       1
     2.8 -0.7796   1.867      0.495     -2.362 -0.1423  0.1423       1
   2.796 -0.7785   1.894     0.4694     -2.363 -0.1349  0.1349       1
   2.796 -0.7785   1.894     0.4694     -2.363 -0.1349  0.1349       1
   2.794 -0.7781   1.918     0.4458     -2.364 -0.1281  0.1281       1
   2.794 -0.7781   1.918     0.4458     -2.364 -0.1281  0.1281       1
   2.789 -0.7776   1.943     0.4208     -2.364 -0.1209  0.1209       1
   2.785 -0.7775   1.968      0.396     -2.364 -0.1138  0.1138       1
   2.785 -0.7775   1.968      0.396     -2.364 -0.1138  0.1138       1
   2.781 -0.7765   1.991     0.3739     -2.365 -0.1075  0.1075       1
   2.781 -0.7765   1.991     0.3739     -2.365 -0.1075  0.1075       1
   2.778 -0.7763   2.013     0.3519     -2.365 -0.1011  0.1011       1
   2.774 -0.7758   2.038     0.3281     -2.366-0.09431 0.09431       1
   2.774 -0.7758   2.038     0.3281     -2.366-0.09431 0.09431       1
   2.774 -0.7758   2.038     0.3281     -2.366-0.09431 0.09431       1
    2.77 -0.7755   2.062     0.3037     -2.366-0.08728 0.08728       1
    2.77 -0.7755   2.062     0.3037     -2.366   2.683   2.857       2
   2.767  -0.775   2.085     0.2815     -2.367   2.686   2.848       2
   2.767  -0.775   2.085     0.2815     -2.367   2.686   2.848       2
   2.764  -0.775   2.105     0.2613     -2.367   2.689   2.839       2
   2.764  -0.775   2.105     0.2613     -2.367   2.689   2.839       2
   2.761 -0.7747    2.13     0.2373     -2.367   2.693   2.829       2
   2.757 -0.7757   2.157     0.2092     -2.366   2.697   2.817       2
   2.757 -0.7757   2.157     0.2092     -2.366   2.697   2.817       2
    2.73 -0.7753   2.183     0.1838     -2.366   2.677   2.783       2
    2.73 -0.7753   2.183     0.1838     -2.366   2.677   2.783       2
   2.687 -0.7719   2.199     0.1705      -2.37   2.638   2.736       2
   2.641 -0.7701    2.22      0.152     -2.372   2.597   2.685       2
   2.641 -0.7701    2.22      0.152     -2.372   2.597   2.685       2
   2.591 -0.7682    2.24     0.1331     -2.373   2.553    2.63       2
   2.591 -0.7682    2.24     0.1331     -2.373   2.553    2.63       2
    2.54 -0.7654   2.262     0.1138     -2.376   2.507   2.573       2
    2.54 -0.7654   2.262     0.1138     -2.376   2.507   2.573       2
   2.489 -0.7635   2.283    0.09489     -2.378   2.462   2.516       2
   2.435 -0.7636   2.298    0.07986     -2.378   2.412   2.458       2
   2.435 -0.7636   2.298    0.07986     -2.378   2.412   2.458       2
   2.382 -0.7627   2.311    0.06792     -2.379   2.362   2.402       2
   2.382 -0.7627   2.311    0.06792     -2.379   2.362   2.402       2
   2.382 -0.7627   2.311    0.06792     -2.379   2.362   2.402       2
   2.327 -0.7605    2.32    0.06102     -2.381   2.309   2.344       2
   2.272 -0.7603   2.331    0.04986     -2.381   2.258   2.287       2
   2.272 -0.7603   2.331    0.04986     -2.381   2.258   2.287       2
   2.223 -0.7589   2.339    0.04368     -2.383    2.21   2.236       2
   2.171 -0.7588   2.347    0.03536     -2.383   2.161   2.181       2
   2.171 -0.7588   2.347    0.03536     -2.383   2.161   2.181       2
   2.171 -0.7588   2.347    0.03536     -2.383   2.161   2.181       2
   2.171 -0.7588   2.347    0.03536     -2.383   2.161   2.181       2
    2.12 -0.7584   2.355    0.02771     -2.383   2.112   2.128       2
    2.07 -0.7537   2.367    0.02081     -2.388   2.064   2.076       2
   2.018 -0.7551   2.384   0.002956     -2.387   2.017   2.019       2
   2.018 -0.7551   2.384   0.002956     -2.387   2.017   2.019       2
   1.969 -0.7531   2.394  -0.005927     -2.389   1.971   1.968       2
   1.969 -0.7531   2.394  -0.005927     -2.389   1.971   1.968       2
   1.969 -0.7531   2.394  -0.005927     -2.389   1.971   1.968       2
   1.918 -0.7559   2.409   -0.02311     -2.386   1.925   1.912       2
   1.866  -0.758   2.417   -0.03363     -2.384   1.876   1.857       2
    1.82 -0.7594   2.422   -0.04019     -2.382   1.831   1.808       2
    1.82 -0.7594   2.422   -0.04019     -2.382   1.831   1.808       2
    1.82 -0.7594   2.422   -0.04019     -2.382   1.831   1.808       2
    1.77 -0.7598   2.429   -0.04712     -2.382   1.784   1.757       2
    1.77 -0.7598   2.429   -0.04712     -2.382   1.784   1.757       2
   1.728 -0.7679   2.438   -0.06472     -2.374   1.746   1.709       2
   1.676 -0.7663   2.437   -0.06214     -2.375   1.694   1.658       2
   1.631  -0.774   2.444   -0.07682     -2.368   1.653   1.609       2
   1.631  -0.774   2.444   -0.07682     -2.368   1.653   1.609       2
   1.631  -0.774   2.444   -0.07682     -2.368   1.653   1.609       2
    1.58 -0.7739   2.441   -0.07315     -2.368   1.601   1.559       2
   1.533 -0.7781   2.447    -0.0836     -2.363   1.557   1.509       2
   1.533 -0.7781   2.447    -0.0836     -2.363   1.557   1.509       2
   1.483 -0.7785   2.448   -0.08452     -2.363   1.507   1.459       2
   1.483 -0.7785   2.448   -0.08452     -2.363   1.507   1.459       2
   1.483 -0.7785   2.448   -0.08452     -2.363   1.507   1.459       2
   1.438 -0.7856   2.452   -0.09628     -2.356   1.465    1.41       2
   1.387 -0.7877   2.454    -0.1001     -2.354   1.416   1.358       2
   1.387 -0.7877   2.454    -0.1001     -2.354   1.416   1.358       2
   1.328 -0.7947   2.469     -0.122     -2.347   1.363   1.293       2
   1.328 -0.7947   2.469     -0.122     -2.347   1.363   1.293       2
    1.28 -0.7991   2.472     -0.129     -2.342   1.317   1.243       2
   1.234  -0.805   2.481    -0.1449     -2.337   1.276   1.192       2
   1.192 -0.8151   2.487    -0.1602     -2.327   1.238   1.146       2
   1.192 -0.8151   2.487    -0.1602     -2.327   1.238   1.146       2
   1.192 -0.8151   2.487    -0.1602     -2.327   1.238   1.146       2
   1.192 -0.8151   2.487    -0.1602     -2.327   1.238   1.146       2
   1.145   -0.82    2.49    -0.1684     -2.322   1.194   1.097       2
   1.099 -0.8312   2.495    -0.1842      -2.31   1.152   1.046       2
    1.06 -0.8396   2.496     -0.194     -2.302   1.116   1.005       2
    1.06 -0.8396   2.496     -0.194     -2.302   1.116   1.005       2
   1.019 -0.8463     2.5     -0.205     -2.295   1.078  0.9598       2
   1.019 -0.8463     2.5     -0.205     -2.295   1.078  0.9598       2
   1.019 -0.8463     2.5     -0.205     -2.295   1.078  0.9598       2
  0.9719 -0.8523   2.506    -0.2168     -2.289    1.03  0.9136       3
  0.9322 -0.8692   2.512    -0.2394     -2.272  0.9947  0.8697       3
  0.9322 -0.8692   2.512    -0.2394     -2.272  0.9947  0.8697       3
   0.897 -0.8839   2.516    -0.2584     -2.258   0.963  0.8309       3
   0.897 -0.8839   2.516    -0.2584     -2.258   0.963  0.8309       3
   0.897 -0.8839   2.516    -0.2584     -2.258   0.963  0.8309       3
  0.8274 -0.9087   2.524    -0.2911     -2.233  0.8994  0.7553       3
  0.8274 -0.9087   2.524    -0.2911     -2.233  0.8994  0.7553       3
  0.8274 -0.9087   2.524    -0.2911     -2.233  0.8994  0.7553       3
  0.7976 -0.9284   2.525    -0.3117     -2.213  0.8734  0.7217       3
  0.7655 -0.9406   2.528    -0.3267     -2.201  0.8441   0.687       3
  0.7655 -0.9406   2.528    -0.3267     -2.201  0.8441   0.687       3
  0.7385  -0.958    2.53    -0.3464     -2.184  0.8207  0.6564       3
  0.7385  -0.958    2.53    -0.3464     -2.184  0.8207  0.6564       3
  0.7385  -0.958    2.53    -0.3464     -2.184  0.8207  0.6564       3
  0.7104 -0.9807   2.529    -0.3677     -2.161  0.7964  0.6245       3
   0.684 -0.9983   2.523    -0.3794     -2.143   0.772  0.5959       3
   0.684 -0.9983   2.523    -0.3794     -2.143   0.772  0.5959       3
   0.684 -0.9983   2.523    -0.3794     -2.143   0.772  0.5959       3
  0.6581  -1.014   2.515    -0.3873     -2.128  0.7475  0.5686       3
  0.6291  -1.022   2.507    -0.3877      -2.12  0.7185  0.5397       3
   0.603  -1.039   2.503    -0.4004     -2.103  0.6947  0.5113       3
   0.603  -1.039   2.503    -0.4004     -2.103  0.6947  0.5113       3
  0.5814  -1.059   2.495    -0.4128     -2.082  0.6752  0.4875       3
  0.5814  -1.059   2.495    -0.4128     -2.082  0.6752  0.4875       3
  0.5814  -1.059   2.495    -0.4128     -2.082  0.6752  0.4875       3
  0.5576  -1.074   2.489    -0.4213     -2.068  0.6529  0.4623       3
  0.5576  -1.074   2.489    -0.4213     -2.068  0.6529  0.4623       3
  0.5385  -1.089   2.485     -0.432     -2.053  0.6357  0.4413       3
   0.517  -1.105   2.483    -0.4469     -2.037  0.6168  0.4172       3
   0.517  -1.105   2.483    -0.4469     -2.037  0.6168  0.4172       3
   0.517  -1.105   2.483    -0.4469     -2.037  0.6168  0.4172       3
  0.4786  -1.138   2.476    -0.4728     -2.003   0.583  0.3743       3
  0.4786  -1.138   2.476    -0.4728     -2.003   0.583  0.3743       3
  0.4647  -1.167   2.473    -0.4985     -1.974  0.5736  0.3558       3
  0.4468  -1.183   2.466     -0.507     -1.959  0.5571  0.3364       3
  0.4468  -1.183   2.466     -0.507     -1.959  0.5571  0.3364       3
  0.4468  -1.183   2.466     -0.507     -1.959  0.5571  0.3364       3
  0.4468  -1.183   2.466     -0.507     -1.959  0.5571  0.3364       3
  0.4318  -1.212   2.459    -0.5299     -1.929  0.5462  0.3175       3
  0.4133   -1.23   2.452    -0.5408     -1.912  0.5295  0.2971       3
  0.4133   -1.23   2.452    -0.5408     -1.912  0.5295  0.2971       3
  0.3989  -1.255   2.447    -0.5603     -1.887  0.5184  0.2794       3
  0.3853   -1.28    2.44    -0.5781     -1.862  0.5078  0.2627       3
  0.3853   -1.28    2.44    -0.5781     -1.862  0.5078  0.2627       3
  0.3853   -1.28    2.44    -0.5781     -1.862  0.5078  0.2627       3
  0.3717  -1.309   2.434    -0.6015     -1.833  0.4982  0.2451       3
   0.358   -1.34   2.425    -0.6236     -1.802  0.4883  0.2277       3
   0.358   -1.34   2.425    -0.6236     -1.802  0.4883  0.2277       3
  0.3466  -1.364   2.415     -0.637     -1.778  0.4791  0.2142       3
  0.3466  -1.364   2.415     -0.637     -1.778  0.4791  0.2142       3
   0.334  -1.398   2.405    -0.6612     -1.744  0.4705  0.1975       3
  0.3212  -1.425   2.396      -0.68     -1.716  0.4609  0.1816       3
  0.3212  -1.425   2.396      -0.68     -1.716  0.4609  0.1816       3
  0.3094  -1.462   2.387    -0.7067      -1.68  0.4535  0.1654       3
  0.3094  -1.462   2.387    -0.7067      -1.68  0.4535  0.1654       3
  0.3094  -1.462   2.387    -0.7067      -1.68  0.4535  0.1654       3
  0.2948  -1.502   2.378    -0.7386      -1.64   0.444  0.1455       3
  0.2839   -1.54   2.372    -0.7702     -1.601  0.4383  0.1294       3
   0.273  -1.577   2.363    -0.7985     -1.565   0.432   0.114       3
   0.273  -1.577   2.363    -0.7985     -1.565   0.432   0.114       3
   0.263  -1.621   2.354     -0.833     -1.521  0.4275 0.09856       3
   0.263  -1.621   2.354     -0.833     -1.521  0.4275 0.09856       3
  0.2549  -1.655   2.341    -0.8554     -1.486  0.4228 0.08692       3
  0.2549  -1.655   2.341    -0.8554     -1.486  0.4228 0.08692       3
  0.2484  -1.696   2.327    -0.8815     -1.446  0.4203 0.07638       3
  0.2484  -1.696   2.327    -0.8815     -1.446  0.4203 0.07638       3
  0.2403  -1.737   2.313     -0.909     -1.404  0.4165 0.06415       3
  0.2323  -1.779   2.298    -0.9351     -1.363  0.4124 0.05218       3
  0.2323  -1.779   2.298    -0.9351     -1.363  0.4124 0.05218       3
  0.2241  -1.824   2.285    -0.9676     -1.317  0.4091 0.03917       3
  0.2241  -1.824   2.285    -0.9676     -1.317  0.4091 0.03917       3
  0.2241  -1.824   2.285    -0.9676     -1.317  0.4091 0.03917       3
  0.2166  -1.879   2.269     -1.007     -1.263  0.4073 0.02585       3
  0.2111  -1.936   2.254     -1.049     -1.205   0.408 0.01421       3
  0.2111  -1.936   2.254     -1.049     -1.205   0.408 0.01421       3
  0.2056  -1.988   2.239     -1.085     -1.154  0.40760.003552       3
     0.2  -2.046   2.223     -1.128     -1.095   0.408-0.008019       3
     0.2  -2.046   2.223     -1.128     -1.095   0.408-0.008019       3
  0.1942    -2.1   2.209     -1.167     -1.042  0.4076-0.01915       3
  0.1942    -2.1   2.209     -1.167     -1.042  0.4076-0.01915       3
  0.1942    -2.1   2.209     -1.167     -1.042  0.4076-0.01915       3
  0.1898  -2.167   2.194      -1.22    -0.9745  0.4103-0.03065       3
  0.1898  -2.167   2.194      -1.22    -0.9745  0.4103-0.03065       3
  0.1809  -2.192    2.16      -1.21    -0.9495  0.3998-0.03801       3
  0.1826   -2.22   2.114     -1.192    -0.9218  0.3987-0.03354       3
  0.1826   -2.22   2.114     -1.192    -0.9218  0.3987-0.03354       3
  0.1803   -2.24    2.07     -1.169    -0.9018  0.3929-0.03224       3
  0.1787  -2.263   2.031     -1.153     -0.879  0.3887-0.03129       3
  0.1787  -2.263   2.031     -1.153     -0.879  0.3887-0.03129       3
  0.1744  -2.289   1.996     -1.144    -0.8522   0.383-0.03418       3
  0.1729  -2.311   1.962     -1.132    -0.8302  0.3795-0.03375       3
  0.1729  -2.311   1.962     -1.132    -0.8302  0.3795-0.03375       3
  0.1729  -2.311   1.962     -1.132    -0.8302  0.3795-0.03375       3
  0.1729  -2.311   1.962     -1.132    -0.8302  0.3795-0.03375       3
  0.1691  -2.337   1.926     -1.121     -0.805  0.3739 -0.0356       3
  0.1676  -2.364   1.891     -1.113    -0.7778   0.371-0.03576       3
  0.1676  -2.364   1.891     -1.113    -0.7778   0.371-0.03576       3
  0.1635  -2.379   1.854     -1.091    -0.7624  0.3635-0.03654       3
  0.1632  -2.401   1.817     -1.077    -0.7405  0.3609-0.03449       3
  0.1632  -2.401   1.817     -1.077    -0.7405  0.3609-0.03449       3
  0.1597  -2.424   1.784     -1.066    -0.7179  0.3556-0.03608       3
  0.1597  -2.424   1.784     -1.066    -0.7179  0.3556-0.03608       3
   0.157  -2.446   1.749     -1.054    -0.6957  0.3508-0.03676       3
   0.157  -2.446   1.749     -1.054    -0.6957  0.3508-0.03676       3
  0.1553  -2.458   1.714     -1.031    -0.6836  0.3455-0.03484       3
  0.1553  -2.458   1.714     -1.031    -0.6836  0.3455-0.03484       3
  0.1524   -2.49   1.682     -1.031    -0.6515  0.3423-0.03746       3
  0.1524   -2.49   1.682     -1.031    -0.6515  0.3423-0.03746       3
  0.1505  -2.511   1.649     -1.018    -0.6308  0.3383 -0.0373       3
  0.1505  -2.511   1.649     -1.018    -0.6308  0.3383 -0.0373       3
  0.1476  -2.522   1.617    -0.9969    -0.6197  0.3319-0.03684       3
  0.1476  -2.522   1.617    -0.9969    -0.6197  0.3319-0.03684       3
  0.1437  -2.556   1.581    -0.9954    -0.5856  0.3276-0.04016       3
  0.1428  -2.565   1.549    -0.9726    -0.5762  0.3231-0.03738       3
  0.1428  -2.565   1.549    -0.9726    -0.5762  0.3231-0.03738       3
  0.1428  -2.565   1.549    -0.9726    -0.5762  0.3231-0.03738       3
  0.1412  -2.568   1.516    -0.9431    -0.5731  0.3167-0.03426       3
  0.1403  -2.597    1.48    -0.9348    -0.5449  0.3142-0.03364       3
  0.1386  -2.614   1.445    -0.9172    -0.5276  0.3095-0.03236       3
  0.1386  -2.614   1.445    -0.9172    -0.5276  0.3095-0.03236       3
   0.134  -2.624   1.411    -0.8932    -0.5177  0.3009  -0.033       3
   0.134  -2.624   1.411    -0.8932    -0.5177  0.3009  -0.033       3
  0.1328   -2.64   1.372    -0.8705    -0.5013  0.2959-0.03034       3
  0.1328   -2.64   1.372    -0.8705    -0.5013  0.2959-0.03034       3
  0.1312  -2.674   1.333    -0.8649    -0.4681  0.2932-0.03069       3
  0.1301  -2.669   1.296    -0.8239    -0.4725  0.2852-0.02508       3
  0.1268  -2.689    1.26    -0.8077    -0.4527  0.2791-0.02544       3
  0.1268  -2.689    1.26    -0.8077    -0.4527  0.2791-0.02544       3
  0.1268  -2.689    1.26    -0.8077    -0.4527  0.2791-0.02544       3
   0.126  -2.695   1.226    -0.7795    -0.4463  0.2734-0.02145       3
   0.126  -2.695   1.226    -0.7795    -0.4463  0.2734-0.02145       3
  0.1243  -2.712   1.194    -0.7653    -0.4291  0.2692-0.02056       3
   0.123  -2.704   1.165     -0.727    -0.4378  0.2614-0.01534       3
   0.123  -2.704   1.165     -0.727    -0.4378  0.2614-0.01534       3
   0.123  -2.704   1.165     -0.727    -0.4378  0.2614-0.01534       3
  0.1228  -2.709    1.14    -0.7077    -0.4326  0.2577-0.01219       3
   0.122  -2.704   1.115    -0.6778    -0.4374  0.2517-0.007827       3
   0.122  -2.704   1.115    -0.6778    -0.4374  0.2517-0.007827       3
   0.122  -2.704   1.115    -0.6778    -0.4374  0.2517-0.007827       3
   0.122  -2.731    1.09    -0.6796    -0.4109  0.2519-0.007844       3
   0.122  -2.731    1.09    -0.6796    -0.4109  0.2519-0.007844       3
  0.1212  -2.728   1.065    -0.6513    -0.4139  0.2461-0.003777       3
    0.12  -2.729   1.041    -0.6292    -0.4122   0.241-0.001033       3
    0.12  -2.745   1.015    -0.6187    -0.3963   0.2390.0009935       3
    0.12  -2.745   1.015    -0.6187    -0.3963   0.2390.0009935       3
    0.12  -2.745   1.015    -0.6187    -0.3963   0.2390.0009935       3
    0.12  -2.745   1.015    -0.6187    -0.3963   0.2390.0009935       3
  0.1202  -2.732  0.9646    -0.5548    -0.4097  0.2278 0.01254       3
  0.1202  -2.732  0.9646    -0.5548    -0.4097  0.2278 0.01254       3
  0.1202  -2.732  0.9646    -0.5548    -0.4097  0.2278 0.01254       3
  0.1208  -2.748  0.9433    -0.5495    -0.3938  0.2274 0.01424       3
  0.1142  -2.739  0.9367    -0.5344    -0.4023   0.218 0.01027       3
  0.1142  -2.739  0.9367    -0.5344    -0.4023   0.218 0.01027       3
   0.112  -2.795   0.934    -0.5872    -0.3468   0.225-0.001043       3
  0.1051  -2.827   0.931    -0.6163    -0.3147  0.2231 -0.0129       3
  0.1051  -2.827   0.931    -0.6163    -0.3147  0.2231 -0.0129       3
  0.1002  -2.876  0.9259    -0.6608    -0.2651  0.2257-0.02534       3
  0.1002  -2.876  0.9259    -0.6608    -0.2651  0.2257-0.02534       3
 0.08938  -2.933  0.9181    -0.7091     -0.209  0.2229-0.04417       3
 0.08938  -2.933  0.9181    -0.7091     -0.209  0.2229-0.04417       3
 0.09011  -2.925  0.8903    -0.6741    -0.2162  0.2176-0.03738       3
 0.09011  -2.925  0.8903    -0.6741    -0.2162  0.2176-0.03738       3
 0.08807  -2.936  0.8627    -0.6572    -0.2054  0.2125-0.03638       3
 0.08807  -2.936  0.8627    -0.6572    -0.2054  0.2125-0.03638       3
 0.08815  -2.944  0.8402    -0.6425    -0.1977  0.2099-0.03364       3
 0.08815  -2.944  0.8402    -0.6425    -0.1977  0.2099-0.03364       3
 0.08707  -2.956  0.8197    -0.6344    -0.1853  0.2073-0.03319       3
 0.08707  -2.956  0.8197    -0.6344    -0.1853  0.2073-0.03319       3
 0.08719  -2.965  0.8004    -0.6241    -0.1763  0.2055-0.03117       3
 0.08439  -2.976  0.7811    -0.6158    -0.1653  0.2012 -0.0324       3
 0.08493   -2.97  0.7609    -0.5897    -0.1712  0.1971-0.02724       3
 0.08493   -2.97  0.7609    -0.5897    -0.1712  0.1971-0.02724       3
 0.08493   -2.97  0.7609    -0.5897    -0.1712  0.1971-0.02724       3
 0.08426   -2.97  0.7391     -0.568    -0.1711  0.1925  -0.024       3
 0.08426   -2.97  0.7391     -0.568    -0.1711  0.1925  -0.024       3
 0.08426   -2.97  0.7391     -0.568    -0.1711  0.1925  -0.024       3
 0.08273  -2.976  0.7177     -0.552    -0.1657  0.1881-0.02262       3
 0.08273  -2.976  0.7177     -0.552    -0.1657  0.1881-0.02262       3
 0.08186  -2.995  0.6637    -0.5173    -0.1464  0.1808-0.01703       3
   0.081  -2.996  0.6348    -0.4893    -0.1454  0.1748-0.01277       3
   0.081  -2.996  0.6348    -0.4893    -0.1454  0.1748-0.01277       3
   0.081  -2.996  0.6348    -0.4893    -0.1454  0.1748-0.01277       3
 0.08086  -2.995  0.6081    -0.4611     -0.147  0.1694-0.007735       3
 0.07928  -2.972  0.5801    -0.4109    -0.1692  0.1587-0.0001655       3
 0.07928  -2.972  0.5801    -0.4109    -0.1692  0.1587-0.0001655       3
 0.07928  -2.972  0.5801    -0.4109    -0.1692  0.1587-0.0001655       3
 0.07919  -2.974  0.5521    -0.3843    -0.1678  0.15370.004715       3
 0.07919  -2.974  0.5521    -0.3843    -0.1678  0.15370.004715       3
 0.08134   -2.96  0.5205    -0.3393    -0.1812  0.1475 0.01519       3
 0.08186  -2.945  0.4835    -0.2868    -0.1967  0.1382 0.02551       3
 0.08186  -2.945  0.4835    -0.2868    -0.1967  0.1382 0.02551       3
 0.08085  -2.928  0.4427    -0.2295    -0.2132  0.1264 0.03526       3
 0.08161  -3.014  0.4182    -0.2903    -0.1279  0.1381  0.0251       3
 0.08161  -3.014  0.4182    -0.2903    -0.1279  0.1381  0.0251       3
 0.08161  -3.014  0.4182    -0.2903    -0.1279  0.1381  0.0251       3
 0.07768  -2.958  0.4136    -0.2297     -0.184  0.1231 0.03228       3
 0.07768  -2.958  0.4136    -0.2297     -0.184  0.1231 0.03228       3
 0.07768  -2.958  0.4136    -0.2297     -0.184  0.1231 0.03228       3
 0.06806  -3.017   0.404    -0.2796    -0.1244  0.1225 0.01361       3
 0.06806  -3.017   0.404    -0.2796    -0.1244  0.1225 0.01361       3
 0.06413  -3.074  0.4004    -0.3333   -0.06712  0.1283-4.518e-05       3
 0.05855  -3.061  0.3974    -0.3169   -0.08052  0.1197-0.00263       3
 0.05855  -3.061  0.3974    -0.3169   -0.08052  0.1197-0.00263       3
 0.05855  -3.061  0.3974    -0.3169   -0.08052  0.1197-0.00263       3
 0.05358  -3.135  0.3953    -0.3891  -0.006185  0.1278-0.02061       3
  0.0468  -3.103  0.3792    -0.3407   -0.03853  0.1122-0.01856       3
  0.0468  -3.103  0.3792    -0.3407   -0.03853  0.1122-0.01856       3
 0.04765   3.075  0.3549    -0.4212    0.06629  0.1273-0.03199       3
 0.04765   3.075  0.3549    -0.4212    0.06629  0.1273-0.03199       3
 0.04765   3.075  0.3549    -0.4212    0.06629  0.1273-0.03199       3
  0.0495   3.116  0.3171    -0.3427    0.02566  0.1148-0.01577       3
  0.0495   3.116  0.3171    -0.3427    0.02566  0.1148-0.01577       3
  0.0495   3.116  0.3171    -0.3427    0.02566  0.1148-0.01577       3
 0.04888  -3.114  0.2963    -0.2691   -0.02719  0.1006-0.002871       3
 0.04888  -3.114  0.2963    -0.2691   -0.02719  0.1006-0.002871       3
 0.05041  -3.126  0.2735    -0.2584   -0.01517     0.10.000788       3
 0.05117  -3.082  0.2471    -0.1871   -0.05995 0.08755  0.0148       3
 0.05117  -3.082  0.2471    -0.1871   -0.05995 0.08755  0.0148       3
 0.02678     2.6  0.2281    -0.7702     0.5421  0.1653 -0.1117       3
 0.02678     2.6  0.2281    -0.7702     0.5421  0.1653 -0.1117       3
 0.02269   2.289  0.2002     -1.053     0.8529  0.2047 -0.1594       3
 0.02269   2.289  0.2002     -1.053     0.8529  0.2047 -0.1594       3
 0.02269   2.289  0.2002     -1.053     0.8529  0.2047 -0.1594       3
 0.02269   2.289  0.2002     -1.053     0.8529  0.2047 -0.1594       3
 0.02549   2.242  0.1476     -1.047     0.8998  0.2063 -0.1553       3
 0.02549   2.242  0.1476     -1.047     0.8998  0.2063 -0.1553       3
 0.02549   2.242  0.1476     -1.047     0.8998  0.2063 -0.1553       3
 0.02206   2.416  0.1191    -0.8449     0.7257  0.1718 -0.1276       3
 0.02522   2.425 0.08537     -0.802     0.7166  0.1678 -0.1174       3
 0.02522   2.425 0.08537     -0.802     0.7166  0.1678 -0.1174       3
  0.0237   2.563 0.04604    -0.6242     0.5781  0.1365 -0.0891       3
  0.0237   2.563 0.04604    -0.6242     0.5781  0.1365 -0.0891       3
 0.02505   2.504 0.00795    -0.6451     0.6372  0.1411-0.09103       3
 0.02695   2.638-0.02811    -0.4753     0.5034  0.1134-0.05948       3
 0.02969   2.647-0.06373    -0.4304     0.4942  0.1079-0.04852       3
 0.02969   2.647-0.06373    -0.4304     0.4942  0.1079-0.04852       3
 0.02969   2.647-0.06373    -0.4304     0.4942  0.1079-0.04852       3
 