1.5708  -2  -2  
1.5708  -2  -2  
1.5708  -2  -2  
1.5708  -2  -2  
1.5708  -2  -2  
1.5708  -2  -2    
1.57017  -1.99982  -2.00133  
1.56979  -1.99949  -2.00008  
1.56979  -1.99949  -2.00008  
1.57039  -1.99971  -1.99935  
1.57039  -1.99971  -1.99935  
1.56942  -1.99894  -2.00095  
1.56942  -1.99894  -2.00095  
1.56953  -1.99995  -1.99953  
1.5697  -2.00024  -2.0002  
1.5697  -2.00024  -2.0002  
1.5697  -2.00024  -2.0002  
1.57055  -1.9993  -1.99975  
1.57055  -1.9993  -1.99975  
1.56966  -1.99978  -1.99947  
1.56966  -1.99978  -1.99947  
1.56981  -2.0003  -1.9996  
1.56981  -2.0003  -1.9996  
1.56922  -2.00093  -1.99954  
1.56922  -2.00093  -1.99954  
1.56922  -2.00093  -1.99954  
1.56949  -2.00171  -1.99924  
1.56949  -2.00171  -1.99924  
1.56949  -2.00171  -1.99924  
1.5705  -1.99964  -2.00032  
1.5705  -1.99964  -2.00032  
1.56951  -2.00095  -1.99937  
1.56951  -2.00095  -1.99937  
1.56951  -2.00095  -1.99937  
1.5704  -1.99909  -2.00066  
1.56962  -1.99957  -2.00001  
1.56962  -1.99957  -2.00001  
1.57001  -2.00105  -2.00071  
1.57001  -2.00105  -2.00071  
1.56929  -2.00033  -1.99945  
1.57014  -1.99989  -2.00084  
1.57014  -1.99989  -2.00084  
1.57014  -1.99989  -2.00084  
1.57014  -1.99989  -2.00084  
1.56943  -2.00057  -1.99975  
1.56943  -2.00057  -1.99975  
1.56973  -2.00057  -2.001  
1.56948  -2.00008  -2.00022  
1.56948  -2.00008  -2.00022  
1.56993  -2.00017  -2.00028  
1.56949  -2.00034  -2.0016  
1.56949  -2.00034  -2.0016  
1.56956  -2.00061  -2.00048  
1.56979  -2.00026  -2.00035  
1.56979  -2.00026  -2.00035  
1.56979  -2.00026  -2.00035  
1.56941  -2.00104  -2.00107  
1.56941  -2.00104  -2.00107  
1.56928  -2.00108  -2.00044  
1.56928  -2.00108  -2.00044  
1.56973  -2.00071  -2.00225  
1.57  -2.00068  -2.00118  
1.57  -2.00068  -2.00118  
1.5689  -2.00247  -2.00047  
1.5689  -2.00247  -2.00047  
1.5689  -2.00247  -2.00047  
1.56802  -2.00239  -1.99833  
1.56802  -2.00239  -1.99833  
1.56802  -2.00239  -1.99833  
1.55288  -2.0018  -1.99827  
1.53184  -2.00087  -1.9986  
1.53184  -2.00087  -1.9986  
1.51157  -1.99942  -1.99941  
1.51157  -1.99942  -1.99941  
1.51157  -1.99942  -1.99941  
1.48691  -2.00112  -1.99832  
1.45876  -2.00065  -1.99867  
1.42987  -2.00056  -1.99828  
1.42987  -2.00056  -1.99828  
1.42987  -2.00056  -1.99828  
1.39577  -2.0014  -1.99802  
1.36033  -1.9997  -1.99745  
1.31892  -2.00002  -1.99837  
1.31892  -2.00002  -1.99837  
1.31892  -2.00002  -1.99837  
1.27507  -1.99848  -1.99839  
1.27507  -1.99848  -1.99839  
1.22834  -1.99926  -1.99695  
1.18375  -1.99776  -1.99615  
1.18375  -1.99776  -1.99615  
1.14001  -1.99762  -1.99898  
1.14001  -1.99762  -1.99898  
1.10058  -1.99718  -1.99807  
1.05974  -1.99805  -1.99728  
1.05974  -1.99805  -1.99728  
1.05974  -1.99805  -1.99728  
1.02317  -1.99722  -1.99828  
0.986955  -1.99939  -1.99656  
0.986955  -1.99939  -1.99656  
0.953431  -1.99965  -1.99764  
0.953431  -1.99965  -1.99764  
0.953431  -1.99965  -1.99764  
0.920412  -1.98874  -1.98036  
0.901757  -1.97132  -1.95819  
0.901757  -1.97132  -1.95819  
0.901757  -1.97132  -1.95819  
0.880392  -1.93058  -1.90021  
0.874095  -1.90645  -1.86801  
0.874095  -1.90645  -1.86801  
0.874095  -1.90645  -1.86801  
0.867636  -1.88443  -1.8394  
0.867636  -1.88443  -1.8394  
0.864756  -1.85791  -1.80951  
0.861865  -1.8367  -1.77916  
0.861865  -1.8367  -1.77916  
0.861865  -1.8367  -1.77916  
0.858004  -1.80859  -1.74795  
0.856047  -1.78336  -1.7129  
0.856047  -1.78336  -1.7129  
0.853691  -1.76118  -1.67697  
0.853691  -1.76118  -1.67697  
0.848178  -1.72947  -1.65172  
0.848178  -1.72947  -1.65172  
0.848178  -1.72947  -1.65172  
0.848699  -1.7079  -1.61331  
0.848699  -1.7079  -1.61331  
0.835371  -1.65642  -1.5574  
0.835371  -1.65642  -1.5574  
0.831332  -1.62806  -1.52978  
0.831332  -1.62806  -1.52978  
0.828558  -1.60415  -1.49882  
0.828558  -1.60415  -1.49882  
0.828558  -1.60415  -1.49882  
0.822225  -1.58249  -1.46928  
0.822225  -1.58249  -1.46928  
0.822225  -1.58249  -1.46928  
0.817172  -1.5339  -1.41285  
0.823251  -1.50879  -1.38911  
0.823251  -1.50879  -1.38911  
0.832803  -1.48677  -1.35997  
0.832803  -1.48677  -1.35997  
0.843615  -1.4607  -1.33239  
0.843615  -1.4607  -1.33239  
0.843615  -1.4607  -1.33239  
0.864583  -1.41594  -1.27809  
0.864583  -1.41594  -1.27809  
0.870031  -1.39419  -1.25476  
0.870031  -1.39419  -1.25476  
0.872457  -1.37268  -1.22984  
0.874826  -1.34765  -1.20605  
0.874826  -1.34765  -1.20605  
0.874826  -1.34765  -1.20605  
0.874826  -1.34765  -1.20605  
0.872489  -1.30618  -1.1568  
0.872489  -1.30618  -1.1568  
0.872489  -1.30618  -1.1568  
0.872131  -1.28938  -1.12934  
0.872131  -1.28938  -1.12934  
0.867106  -1.26567  -1.11104  
0.86671  -1.25215  -1.08279  
0.86671  -1.25215  -1.08279  
0.862696  -1.23193  -1.06314  
0.862696  -1.23193  -1.06314  
0.863383  -1.21752  -1.03831  
0.863383  -1.21752  -1.03831  
0.8584  -1.19793  -1.01942  
0.8584  -1.19793  -1.01942  
0.854413  -1.18453  -0.995327  
0.854413  -1.18453  -0.995327  
0.846935  -1.1685  -0.980674  
0.841748  -1.15124  -0.962382  
0.841748  -1.15124  -0.962382  
0.836474  -1.1393  -0.943473  
0.836474  -1.1393  -0.943473  
0.82962  -1.12316  -0.929629  
0.82962  -1.12316  -0.929629  
0.824445  -1.11101  -0.909111  
0.814382  -1.0977  -0.896599  
0.814382  -1.0977  -0.896599  
0.814382  -1.0977  -0.896599  
0.814382  -1.0977  -0.896599  
0.805397  -1.08406  -0.879828  
0.798603  -1.06789  -0.866774  
0.797035  -1.05399  -0.850866  
0.797035  -1.05399  -0.850866  
0.794808  -1.03592  -0.83818  
0.794808  -1.03592  -0.83818  
0.794808  -1.03592  -0.83818  
0.79508  -1.022  -0.82019  
0.79508  -1.022  -0.82019  
0.791562  -1.00642  -0.805529  
0.791562  -1.00642  -0.805529  
0.787163  -0.994157  -0.791472  
0.783036  -0.980422  -0.777771  
0.783036  -0.980422  -0.777771  
0.783036  -0.980422  -0.777771  
0.781016  -0.965646  -0.731379  
0.780586  -0.950282  -0.716134  
0.780586  -0.950282  -0.716134  
0.779384  -0.938413  -0.702976  
0.779384  -0.938413  -0.702976  
0.776134  -0.92722  -0.69077  
0.776134  -0.92722  -0.69077  
0.773181  -0.914805  -0.678956  
0.773181  -0.914805  -0.678956  
0.771294  -0.901424  -0.667388  
0.771294  -0.901424  -0.667388  
0.77126  -0.890002  -0.656664  
0.770261  -0.877526  -0.642546  
0.770261  -0.877526  -0.642546  
0.770261  -0.877526  -0.642546  
0.767263  -0.866642  -0.631163  
0.765784  -0.852759  -0.619608  
0.765784  -0.852759  -0.619608  
0.765784  -0.852759  -0.619608  
0.76428  -0.839657  -0.606817  
0.762509  -0.829589  -0.59552  
0.762509  -0.829589  -0.59552  
0.760103  -0.818438  -0.58367  
0.760103  -0.818438  -0.58367  
0.759407  -0.805855  -0.57429  
0.758867  -0.793883  -0.56273  
0.758867  -0.793883  -0.56273  
0.757334  -0.780087  -0.549156  
0.757334  -0.780087  -0.549156  
0.757334  -0.780087  -0.549156  
0.755091  -0.768489  -0.535693  
0.753311  -0.756083  -0.524129  
0.753311  -0.756083  -0.524129  
0.749881  -0.742136  -0.50943  
0.747619  -0.732062  -0.494929  
0.747619  -0.732062  -0.494929  
0.744552  -0.716316  -0.483889  
0.744552  -0.716316  -0.483889  
0.744552  -0.716316  -0.483889  
0.744315  -0.702641  -0.470311  
0.744315  -0.702641  -0.470311  
0.741386  -0.674548  -0.444477  
0.741386  -0.674548  -0.444477  
0.741386  -0.674548  -0.444477  
0.740282  -0.660696  -0.432652  
0.740282  -0.660696  -0.432652  
0.73958  -0.645944  -0.420148  
0.738546  -0.632046  -0.407012  
0.738546  -0.632046  -0.407012  
0.738546  -0.632046  -0.407012  
0.738546  -0.632046  -0.407012  
0.736031  -0.60279  -0.381639  
0.736031  -0.60279  -0.381639  
0.735364  -0.590164  -0.370197  
0.733605  -0.576697  -0.357914  
0.732923  -0.560843  -0.345691  
0.732923  -0.560843  -0.345691  
0.732923  -0.560843  -0.345691  
0.734227  -0.548407  -0.333952  
0.734227  -0.548407  -0.333952  
0.7329  -0.534796  -0.322438  
0.731411  -0.523171  -0.311481  
0.731411  -0.523171  -0.311481  
0.731411  -0.523171  -0.311481  
0.731402  -0.513191  -0.301198  
0.72961  -0.501462  -0.289652  
0.72961  -0.501462  -0.289652  
0.727438  -0.49005  -0.27786  
0.727438  -0.49005  -0.27786  
0.723779  -0.479619  -0.265993  
0.723779  -0.479619  -0.265993  
0.719147  -0.469984  -0.255184  
0.715315  -0.457109  -0.245692  
0.715315  -0.457109  -0.245692  
0.714445  -0.447127  -0.237647  
0.714445  -0.447127  -0.237647  
0.714445  -0.447127  -0.237647  
0.711443  -0.435481  -0.228591  
0.70673  -0.424901  -0.218042  
0.70673  -0.424901  -0.218042  
0.70673  -0.424901  -0.218042  
0.704497  -0.415028  -0.207519  
0.701966  -0.404757  -0.19814  
0.701966  -0.404757  -0.19814  
0.698217  -0.395186  -0.186297  
0.690894  -0.383188  -0.175998  
0.690894  -0.383188  -0.175998  
0.686078  -0.372321  -0.16631  
0.686078  -0.372321  -0.16631  
0.686078  -0.372321  -0.16631  
0.682973  -0.361902  -0.158707  
0.682973  -0.361902  -0.158707  
0.68061  -0.351495  -0.149303  
0.677335  -0.341681  -0.142484  
0.673993  -0.335281  -0.133631  
0.673993  -0.335281  -0.133631  
0.673993  -0.335281  -0.133631  
0.665555  -0.324778  -0.126  
0.658222  -0.31623  -0.117933  
0.658222  -0.31623  -0.117933  
0.651288  -0.306988  -0.109168  
0.64576  -0.296715  -0.102872  
0.64576  -0.296715  -0.102872  
0.64576  -0.296715  -0.102872  
0.64576  -0.296715  -0.102872  
0.64576  -0.296715  -0.102872  
0.634148  -0.276631  -0.0871505  
0.634148  -0.276631  -0.0871505  
0.628473  -0.267676  -0.0788916  
0.628473  -0.267676  -0.0788916  
0.624838  -0.25842  -0.0730989  
0.624838  -0.25842  -0.0730989  
0.621612  -0.248091  -0.06614  
0.618476  -0.240227  -0.060975  
0.615127  -0.23041  -0.0545651  
0.615127  -0.23041  -0.0545651  
0.615127  -0.23041  -0.0545651  
0.610892  -0.222761  -0.0475971  
0.606332  -0.215566  -0.0421397  
0.606332  -0.215566  -0.0421397  
0.606332  -0.215566  -0.0421397  
0.601037  -0.204366  -0.0349159  
0.601037  -0.204366  -0.0349159  
0.596825  -0.195895  -0.0299567  
0.594342  -0.187832  -0.0257926  
0.591414  -0.178951  -0.0207622  
0.591414  -0.178951  -0.0207622  
0.592261  -0.170299  -0.0162133  
0.592261  -0.170299  -0.0162133  
0.592261  -0.170299  -0.0162133  
0.593919  -0.160892  -0.0107162  
0.594308  -0.152839  -0.00530986  
0.594308  -0.152839  -0.00530986  
0.593526  -0.144138  0.000263037  
0.593526  -0.144138  0.000263037  
0.593692  -0.135795  0.0063888  
0.595854  -0.128476  0.011755  
0.595854  -0.128476  0.011755  
0.595854  -0.128476  0.011755  
0.596305  -0.11851  0.0165204  
0.596305  -0.11851  0.0165204  
0.597243  -0.110489  0.0217879  
0.597138  -0.101066  0.0265381  
0.597138  -0.101066  0.0265381  
0.589741  -0.0935619  0.0305328  
0.555026  -0.094554  0.0341232  
0.555026  -0.094554  0.0341232  
0.555026  -0.094554  0.0341232  
0.526214  -0.0889759  0.0342443  
0.496027  -0.0869703  0.0387638  
0.496027  -0.0869703  0.0387638  
0.470807  -0.0839767  0.0381856  
0.470807  -0.0839767  0.0381856  
0.440609  -0.0812209  0.0392051  
0.440609  -0.0812209  0.0392051  
0.417731  -0.0785149  0.0398053  
0.396228  -0.0777374  0.0399882  
0.396228  -0.0777374  0.0399882  
0.396228  -0.0777374  0.0399882  
0.374765  -0.0744707  0.0402406  
0.356669  -0.0747628  0.0413913  
0.356669  -0.0747628  0.0413913  
0.337821  -0.0725568  0.0405312  
0.337821  -0.0725568  0.0405312  
0.322823  -0.0709233  0.0418728  
0.308715  -0.0728171  0.040854  
0.308715  -0.0728171  0.040854  
0.297006  -0.0709156  0.0410629  
0.297006  -0.0709156  0.0410629  
0.28522  -0.0683794  0.0413739  
0.28522  -0.0683794  0.0413739  
0.274405  -0.0694227  0.0415889  
0.274405  -0.0694227  0.0415889  
0.260273  -0.0679189  0.0422899  
0.24704  -0.0671745  0.0417987  
0.24704  -0.0671745  0.0417987  
0.23515  -0.0652447  0.0425226  
0.23515  -0.0652447  0.0425226  
0.23515  -0.0652447  0.0425226  
0.221985  -0.0633044  0.0413177  
0.221985  -0.0633044  0.0413177  
0.209411  -0.0629008  0.0424565  
0.19601  -0.0616608  0.0437783  
0.19601  -0.0616608  0.0437783  
0.18428  -0.0596389  0.0427513  
0.171109  -0.0595392  0.0420991  
0.171109  -0.0595392  0.0420991  
0.171109  -0.0595392  0.0420991  
0.171109  -0.0595392  0.0420991  
0.144246  -0.0578581  0.041498  
0.144246  -0.0578581  0.041498  
0.132808  -0.0595852  0.0415048  
0.120867  -0.0572073  0.0420075  
0.120867  -0.0572073  0.0420075  
0.108923  -0.0539425  0.0424868  
0.108923  -0.0539425  0.0424868  
0.107229  -0.0599813  0.0339326  
0.107229  -0.0599813  0.0339326  
0.107229  -0.0599813  0.0339326  
0.0985  -0.0591344  0.0332079  
0.0985  -0.0591344  0.0332079  
0.0872424  -0.0566876  0.033903  
0.0766603  -0.055553  0.0341199  
0.0626224  -0.0548162  0.0334435  
0.0626224  -0.0548162  0.0334435  
0.0626224  -0.0548162  0.0334435  
0.0626224  -0.0548162  0.0334435  
0.0458317  -0.0527517  0.0340338  
0.031367  -0.0527955  0.034248  
0.0152139  -0.0503097  0.0339465  
0.0152139  -0.0503097  0.0339465  
0.00140671  -0.0482468  0.0331032  
-0.0124632  -0.0462757  0.0326962  
-0.0124632  -0.0462757  0.0326962  
-0.0124632  -0.0462757  0.0326962  
-0.0274457  -0.0443293  0.0323987  
-0.0409996  -0.0436454  0.0335483  
-0.0409996  -0.0436454  0.0335483  
-0.0498383  -0.0413855  0.03351  
-0.0589915  -0.0390065  0.0355589  
-0.0589915  -0.0390065  0.0355589  
-0.0589915  -0.0390065  0.0355589  
-0.0611344  -0.0421826  0.0330146  
-0.0611344  -0.0421826  0.0330146  
-0.0611344  -0.0421826  0.0330146  
-0.0709644  -0.0391041  0.0330452  
-0.0709644  -0.0391041  0.0330452  
-0.0709644  -0.0391041  0.0330452  
-0.0768371  -0.0377433  0.0334213  
-0.0787849  -0.0384967  0.03359  
-0.0787849  -0.0384967  0.03359  
-0.08445  -0.0377109  0.033248  
-0.0888726  -0.0375103  0.0332741  
-0.0888726  -0.0375103  0.0332741  
-0.0924803  -0.035784  0.0318477  
-0.0924803  -0.035784  0.0318477  
-0.0924755  -0.0373296  0.0323695  
-0.0924755  -0.0373296  0.0323695  
-0.0927428  -0.0370033  0.0336318  
-0.0923879  -0.0383305  0.0327733  
-0.0923879  -0.0383305  0.0327733  
-0.092207  -0.0384867  0.0324036  
-0.092207  -0.0384867  0.0324036  
-0.092207  -0.0384867  0.0324036  
-0.092744  -0.0387236  0.0329855  
-0.0929309  -0.0380188  0.0317938  
-0.0929309  -0.0380188  0.0317938  
-0.0929309  -0.0380188  0.0317938  
-0.0945346  -0.0388897  0.0348222  
-0.0945346  -0.0388897  0.0348222  
-0.0952255  -0.0373934  0.0320372  
-0.0937155  -0.0390455  0.032084  
-0.0937155  -0.0390455  0.032084  
-0.0943891  -0.0384354  0.0324693  
-0.0943891  -0.0384354  0.0324693  
-0.0948218  -0.0378036  0.0332902  
