   2.828  -2.356   1.571    -0.7854    -0.7854  0.2257 -0.2257       1
   2.828  -2.356   1.571    -0.7854    -0.7854  0.2257 -0.2257       1
   2.828  -2.356   1.571    -0.7854    -0.7854  0.2257 -0.2257       1
   2.828  -2.356   1.571    -0.7854    -0.7854  0.2257 -0.2257       1
   2.828  -2.356   1.571    -0.7854    -0.7854  0.2257 -0.2257       1
   2.828  -2.356   1.571    -0.7854    -0.7854  0.2257 -0.2257       1
   2.829  -2.356    1.57    -0.7844    -0.7858  0.2254 -0.2254       1
   2.828  -2.356    1.57    -0.7842    -0.7855  0.2254 -0.2254       1
   2.828  -2.356    1.57    -0.7842    -0.7855  0.2254 -0.2254       1
   2.828  -2.356    1.57    -0.7851    -0.7853  0.2256 -0.2256       1
   2.828  -2.356    1.57    -0.7851    -0.7853  0.2256 -0.2256       1
   2.828  -2.356   1.569    -0.7835    -0.7859  0.2252 -0.2252       1
   2.828  -2.356   1.569    -0.7835    -0.7859  0.2252 -0.2252       1
   2.828  -2.356    1.57    -0.7842    -0.7853  0.2254 -0.2254       1
   2.829  -2.356    1.57    -0.7843    -0.7854  0.2254 -0.2254       1
   2.829  -2.356    1.57    -0.7843    -0.7854  0.2254 -0.2254       1
   2.829  -2.356    1.57    -0.7843    -0.7854  0.2254 -0.2254       1
   2.828  -2.356   1.571     -0.785    -0.7855  0.2256 -0.2256       1
   2.828  -2.356   1.571     -0.785    -0.7855  0.2256 -0.2256       1
   2.828  -2.356    1.57    -0.7843    -0.7853  0.2254 -0.2254       1
   2.828  -2.356    1.57    -0.7843    -0.7853  0.2254 -0.2254       1
   2.828  -2.356    1.57    -0.7846    -0.7852  0.2255 -0.2255       1
   2.828  -2.356    1.57    -0.7846    -0.7852  0.2255 -0.2255       1
   2.829  -2.357   1.569    -0.7842    -0.7851  0.2254 -0.2254       1
   2.829  -2.357   1.569    -0.7842    -0.7851  0.2254 -0.2254       1
   2.829  -2.357   1.569    -0.7842    -0.7851  0.2254 -0.2254       1
   2.829  -2.357   1.569    -0.7847    -0.7848  0.2255 -0.2255       1
   2.829  -2.357   1.569    -0.7847    -0.7848  0.2255 -0.2255       1
   2.829  -2.357   1.569    -0.7847    -0.7848  0.2255 -0.2255       1
   2.828  -2.356   1.571    -0.7849    -0.7856  0.2256 -0.2256       1
   2.828  -2.356   1.571    -0.7849    -0.7856  0.2256 -0.2256       1
   2.829  -2.357    1.57    -0.7845     -0.785  0.2255 -0.2255       1
   2.829  -2.357    1.57    -0.7845     -0.785  0.2255 -0.2255       1
   2.829  -2.357    1.57    -0.7845     -0.785  0.2255 -0.2255       1
   2.828  -2.356    1.57    -0.7846    -0.7858  0.2255 -0.2255       1
   2.828  -2.356    1.57    -0.7841    -0.7855  0.2254 -0.2254       1
   2.828  -2.356    1.57    -0.7841    -0.7855  0.2254 -0.2254       1
    2.83  -2.356    1.57    -0.7847    -0.7853  0.2255 -0.2255       1
    2.83  -2.356    1.57    -0.7847    -0.7853  0.2255 -0.2255       1
   2.828  -2.356   1.569    -0.7841    -0.7852  0.2254 -0.2254       1
   2.829  -2.356    1.57    -0.7845    -0.7856  0.2255 -0.2255       1
   2.829  -2.356    1.57    -0.7845    -0.7856  0.2255 -0.2255       1
   2.829  -2.356    1.57    -0.7845    -0.7856  0.2255 -0.2255       1
   2.829  -2.356    1.57    -0.7845    -0.7856  0.2255 -0.2255       1
   2.829  -2.356   1.569    -0.7842    -0.7852  0.2254 -0.2254       1
   2.829  -2.356   1.569    -0.7842    -0.7852  0.2254 -0.2254       1
    2.83  -2.356    1.57    -0.7842    -0.7855  0.2254 -0.2254       1
   2.829  -2.356   1.569     -0.784    -0.7854  0.2253 -0.2253       1
   2.829  -2.356   1.569     -0.784    -0.7854  0.2253 -0.2253       1
   2.829  -2.356    1.57    -0.7845    -0.7854  0.2255 -0.2255       1
    2.83  -2.356   1.569    -0.7838    -0.7857  0.2253 -0.2253       1
    2.83  -2.356   1.569    -0.7838    -0.7857  0.2253 -0.2253       1
   2.829  -2.356    1.57    -0.7842    -0.7854  0.2254 -0.2254       1
   2.829  -2.356    1.57    -0.7844    -0.7854  0.2254 -0.2254       1
   2.829  -2.356    1.57    -0.7844    -0.7854  0.2254 -0.2254       1
   2.829  -2.356    1.57    -0.7844    -0.7854  0.2254 -0.2254       1
    2.83  -2.356   1.569     -0.784    -0.7854  0.2253 -0.2253       1
    2.83  -2.356   1.569     -0.784    -0.7854  0.2253 -0.2253       1
    2.83  -2.356   1.569     -0.784    -0.7852  0.2253 -0.2253       1
    2.83  -2.356   1.569     -0.784    -0.7852  0.2253 -0.2253       1
   2.831  -2.356    1.57     -0.784    -0.7858  0.2253 -0.2253       1
    2.83  -2.356    1.57    -0.7845    -0.7855  0.2255 -0.2255       1
    2.83  -2.356    1.57    -0.7845    -0.7855  0.2255 -0.2255       1
   2.831  -2.357   1.569     -0.784    -0.7849  0.2253 -0.2253       1
   2.831  -2.357   1.569     -0.784    -0.7849  0.2253 -0.2253       1
   2.831  -2.357   1.569     -0.784    -0.7849  0.2253 -0.2253       1
   2.829  -2.357   1.568    -0.7836    -0.7844  0.2252 -0.2252       1
   2.829  -2.357   1.568    -0.7836    -0.7844  0.2252 -0.2252       1
   2.829  -2.357   1.568    -0.7836    -0.7844  0.2252 -0.2252       1
   2.828  -2.357   1.553    -0.7684    -0.7845  0.2208 -0.2208       1
   2.828  -2.357   1.532     -0.747    -0.7848  0.2147 -0.2147       1
   2.828  -2.357   1.532     -0.747    -0.7848  0.2147 -0.2147       1
   2.828  -2.356   1.512    -0.7262    -0.7854  0.2087 -0.2087       1
   2.828  -2.356   1.512    -0.7262    -0.7854  0.2087 -0.2087       1
   2.828  -2.356   1.512    -0.7262    -0.7854  0.2087 -0.2087       1
   2.828  -2.357   1.487    -0.7022    -0.7847  0.2018 -0.2018       1
   2.828  -2.357   1.459    -0.6739    -0.7849  0.1937 -0.1937       1
   2.828  -2.357    1.43     -0.645    -0.7848  0.1854 -0.1854       1
   2.828  -2.357    1.43     -0.645    -0.7848  0.1854 -0.1854       1
   2.828  -2.357    1.43     -0.645    -0.7848  0.1854 -0.1854       1
   2.828  -2.357   1.396    -0.6112    -0.7846  0.1757 -0.1757       1
   2.826  -2.357    1.36    -0.5755    -0.7848  0.1654 -0.1654       1
   2.827  -2.357   1.319    -0.5339     -0.785  0.1535 -0.1535       1
   2.827  -2.357   1.319    -0.5339     -0.785  0.1535 -0.1535       1
   2.827  -2.357   1.319    -0.5339     -0.785  0.1535 -0.1535       1
   2.826  -2.356   1.275    -0.4897    -0.7854  0.1407 -0.1407       1
   2.826  -2.356   1.275    -0.4897    -0.7854  0.1407 -0.1407       1
   2.826  -2.357   1.228    -0.4435    -0.7848  0.1275 -0.1275       1
   2.824  -2.357   1.184    -0.3988     -0.785  0.1146 -0.1146       1
   2.824  -2.357   1.184    -0.3988     -0.785  0.1146 -0.1146       1
   2.826  -2.356    1.14    -0.3543    -0.7857  0.1018 -0.1018       1
   2.826  -2.356    1.14    -0.3543    -0.7857  0.1018 -0.1018       1
   2.825  -2.356   1.101     -0.315    -0.7856 0.09052-0.09052       1
   2.825  -2.356    1.06    -0.2745    -0.7852 0.07891-0.07891       1
   2.825  -2.356    1.06    -0.2745    -0.7852   1.452   1.373       2
   2.825  -2.356    1.06    -0.2745    -0.7852   1.452   1.373       2
   2.825  -2.356   1.023    -0.2375    -0.7857   1.447   1.378       2
   2.826  -2.357   0.987    -0.2023    -0.7847   1.442   1.384       2
   2.826  -2.357   0.987    -0.2023    -0.7847   1.442   1.384       2
   2.827  -2.357  0.9534    -0.1685    -0.7849   1.437   1.389       2
   2.827  -2.357  0.9534    -0.1685    -0.7849   1.437   1.389       2
   2.827  -2.357  0.9534    -0.1685    -0.7849   1.437   1.389       2
   2.807  -2.358  0.9204    -0.1371    -0.7833   1.423   1.384       2
   2.779   -2.36  0.9018    -0.1197    -0.7821   1.406   1.372       2
   2.779   -2.36  0.9018    -0.1197    -0.7821   1.406   1.372       2
   2.779   -2.36  0.9018    -0.1197    -0.7821   1.406   1.372       2
   2.709  -2.364  0.8804    -0.1029    -0.7775   1.369    1.34       2
   2.669  -2.366  0.8741   -0.09888    -0.7752   1.349    1.32       2
   2.669  -2.366  0.8741   -0.09888    -0.7752   1.349    1.32       2
   2.669  -2.366  0.8741   -0.09888    -0.7752   1.349    1.32       2
   2.633  -2.368  0.8676   -0.09433    -0.7733    1.33   1.303       2
   2.633  -2.368  0.8676   -0.09433    -0.7733    1.33   1.303       2
   2.593  -2.369  0.8648   -0.09255    -0.7722    1.31   1.283       2
   2.557  -2.372  0.8619   -0.09238    -0.7695   1.292   1.265       2
   2.557  -2.372  0.8619   -0.09238    -0.7695   1.292   1.265       2
   2.557  -2.372  0.8619   -0.09238    -0.7695   1.292   1.265       2
   2.515  -2.373   0.858   -0.08965    -0.7684    1.27   1.245       2
   2.473  -2.376   0.856    -0.0908    -0.7652   1.249   1.223       2
   2.473  -2.376   0.856    -0.0908    -0.7652   1.249   1.223       2
   2.432  -2.381  0.8537   -0.09278    -0.7609   1.229   1.203       2
   2.432  -2.381  0.8537   -0.09278    -0.7609   1.229   1.203       2
   2.391  -2.379  0.8482   -0.08577    -0.7624   1.208   1.183       2
   2.391  -2.379  0.8482   -0.08577    -0.7624   1.208   1.183       2
   2.391  -2.379  0.8482   -0.08577    -0.7624   1.208   1.183       2
   2.349  -2.385  0.8487   -0.09177    -0.7569   1.188   1.162       2
   2.349  -2.385  0.8487   -0.09177    -0.7569   1.188   1.162       2
   2.274  -2.387  0.8354   -0.08077    -0.7546   1.148   1.125       2
   2.274  -2.387  0.8354   -0.08077    -0.7546   1.148   1.125       2
   2.234  -2.387  0.8313   -0.07704    -0.7543   1.128   1.106       2
   2.234  -2.387  0.8313   -0.07704    -0.7543   1.128   1.106       2
   2.195   -2.39  0.8286   -0.07709    -0.7515   1.109   1.087       2
   2.195   -2.39  0.8286   -0.07709    -0.7515   1.109   1.087       2
   2.195   -2.39  0.8286   -0.07709    -0.7515   1.109   1.087       2
   2.159  -2.393  0.8222   -0.07391    -0.7483    1.09   1.069       2
   2.159  -2.393  0.8222   -0.07391    -0.7483    1.09   1.069       2
   2.159  -2.393  0.8222   -0.07391    -0.7483    1.09   1.069       2
   2.085  -2.397  0.8172   -0.07283    -0.7443   1.053   1.032       2
   2.051  -2.397  0.8233   -0.07913    -0.7441   1.037   1.014       2
   2.051  -2.397  0.8233   -0.07913    -0.7441   1.037   1.014       2
   2.015  -2.401  0.8328   -0.09192    -0.7409   1.021  0.9943       2
   2.015  -2.401  0.8328   -0.09192    -0.7409   1.021  0.9943       2
   1.977  -2.402  0.8436    -0.1041    -0.7395   1.004  0.9736       2
   1.977  -2.402  0.8436    -0.1041    -0.7395   1.004  0.9736       2
   1.977  -2.402  0.8436    -0.1041    -0.7395   1.004  0.9736       2
   1.907  -2.407  0.8646    -0.1303    -0.7343  0.9725   0.935       2
   1.907  -2.407  0.8646    -0.1303    -0.7343  0.9725   0.935       2
   1.876  -2.409    0.87    -0.1372    -0.7328  0.9576  0.9181       2
   1.876  -2.409    0.87    -0.1372    -0.7328  0.9576  0.9181       2
   1.843  -2.411  0.8725    -0.1419    -0.7306  0.9419  0.9011       2
   1.809  -2.412  0.8748    -0.1448      -0.73  0.9251  0.8834       2
   1.809  -2.412  0.8748    -0.1448      -0.73  0.9251  0.8834       2
   1.809  -2.412  0.8748    -0.1448      -0.73  0.9251  0.8834       2
   1.809  -2.412  0.8748    -0.1448      -0.73  0.9251  0.8834       2
   1.745  -2.417  0.8725    -0.1477    -0.7248  0.8936  0.8512       2
   1.745  -2.417  0.8725    -0.1477    -0.7248  0.8936  0.8512       2
   1.745  -2.417  0.8725    -0.1477    -0.7248  0.8936  0.8512       2
   1.714  -2.422  0.8721    -0.1528    -0.7193   0.879  0.8351       2
   1.714  -2.422  0.8721    -0.1528    -0.7193   0.879  0.8351       2
   1.684  -2.421  0.8671    -0.1467    -0.7204  0.8631   0.821       2
   1.655  -2.429  0.8667    -0.1537     -0.713  0.8498  0.8056       2
   1.655  -2.429  0.8667    -0.1537     -0.713  0.8498  0.8056       2
   1.627   -2.43  0.8627    -0.1507     -0.712  0.8353   0.792       2
   1.627   -2.43  0.8627    -0.1507     -0.712  0.8353   0.792       2
     1.6  -2.435  0.8634    -0.1573    -0.7061  0.8227  0.7775       2
     1.6  -2.435  0.8634    -0.1573    -0.7061  0.8227  0.7775       2
   1.573  -2.437  0.8584    -0.1533    -0.7051  0.8085  0.7645       2
   1.573  -2.437  0.8584    -0.1533    -0.7051  0.8085  0.7645       2
   1.547  -2.443  0.8544    -0.1556    -0.6988   0.796  0.7512       2
   1.547  -2.443  0.8544    -0.1556    -0.6988   0.796  0.7512       2
   1.525  -2.443  0.8469    -0.1487    -0.6982  0.7841  0.7414       2
   1.501  -2.445  0.8417    -0.1455    -0.6963  0.7712  0.7294       2
   1.501  -2.445  0.8417    -0.1455    -0.6963  0.7712  0.7294       2
   1.479   -2.45  0.8365    -0.1448    -0.6917  0.7604  0.7188       2
   1.479   -2.45  0.8365    -0.1448    -0.6917  0.7604  0.7188       2
   1.458   -2.45  0.8296    -0.1382    -0.6914  0.7489  0.7091       2
   1.458   -2.45  0.8296    -0.1382    -0.6914  0.7489  0.7091       2
   1.436  -2.456  0.8244    -0.1387    -0.6858  0.7377  0.6979       2
   1.417  -2.457  0.8144    -0.1295    -0.6849  0.7273  0.6901       2
   1.417  -2.457  0.8144    -0.1295    -0.6849  0.7273  0.6901       2
   1.417  -2.457  0.8144    -0.1295    -0.6849  0.7273  0.6901       2
   1.417  -2.457  0.8144    -0.1295    -0.6849  0.7273  0.6901       2
   1.396   -2.46  0.8054    -0.1236    -0.6818  0.7158  0.6803       2
   1.375   -2.46  0.7986    -0.1168    -0.6818  0.7045  0.6709       2
   1.355  -2.462   0.797    -0.1179    -0.6792  0.6942  0.6603       2
   1.355  -2.462   0.797    -0.1179    -0.6792  0.6942  0.6603       2
   1.333  -2.461  0.7948    -0.1145    -0.6803  0.6827  0.6498       2
   1.333  -2.461  0.7948    -0.1145    -0.6803  0.6827  0.6498       2
   1.333  -2.461  0.7948    -0.1145    -0.6803  0.6827  0.6498       2
    1.31  -2.465  0.7951    -0.1188    -0.6763  0.6723  0.6381       2
    1.31  -2.465  0.7951    -0.1188    -0.6763  0.6723  0.6381       2
   1.289  -2.467  0.7916    -0.1166     -0.675  0.6613  0.6278       2
   1.289  -2.467  0.7916    -0.1166     -0.675  0.6613  0.6278       2
   1.271  -2.469  0.7872    -0.1148    -0.6724  0.6519  0.6189       2
   1.251  -2.471   0.783    -0.1124    -0.6706  0.6419  0.6096       2
   1.251  -2.471   0.783    -0.1124    -0.6706  0.6419  0.6096       2
   1.251  -2.471   0.783    -0.1124    -0.6706  0.6419  0.6096       2
   1.211  -2.493   0.781    -0.1328    -0.6482  0.6248  0.5866       2
    1.19  -2.496  0.7806    -0.1348    -0.6458  0.6143  0.5756       2
    1.19  -2.496  0.7806    -0.1348    -0.6458  0.6143  0.5756       2
   1.173  -2.499  0.7794    -0.1365    -0.6429  0.6059  0.5666       2
   1.173  -2.499  0.7794    -0.1365    -0.6429  0.6059  0.5666       2
   1.156  -2.501  0.7761    -0.1358    -0.6403  0.5976  0.5586       2
   1.156  -2.501  0.7761    -0.1358    -0.6403  0.5976  0.5586       2
   1.139  -2.503  0.7732    -0.1347    -0.6385   0.589  0.5503       2
   1.139  -2.503  0.7732    -0.1347    -0.6385   0.589  0.5503       2
   1.122  -2.504  0.7713     -0.134    -0.6373  0.5801  0.5415       2
   1.122  -2.504  0.7713     -0.134    -0.6373  0.5801  0.5415       2
   1.106  -2.506  0.7713    -0.1356    -0.6357  0.5725  0.5335       2
   1.088   -2.51  0.7703    -0.1382     -0.632  0.5637  0.5239       2
   1.088   -2.51  0.7703    -0.1382     -0.632  0.5637  0.5239       2
   1.088   -2.51  0.7703    -0.1382     -0.632  0.5637  0.5239       2
   1.072  -2.512  0.7673    -0.1378    -0.6295  0.5559  0.5163       2
   1.054  -2.513  0.7658    -0.1374    -0.6284  0.5468  0.5073       2
   1.054  -2.513  0.7658    -0.1374    -0.6284  0.5468  0.5073       2
   1.054  -2.513  0.7658    -0.1374    -0.6284  0.5468  0.5073       2
   1.036  -2.516  0.7643    -0.1385    -0.6258  0.5379  0.4981       2
   1.021  -2.519  0.7625    -0.1399    -0.6226  0.5307  0.4905       2
   1.021  -2.519  0.7625    -0.1399    -0.6226  0.5307  0.4905       2
   1.005  -2.522  0.7601    -0.1406    -0.6195  0.5228  0.4824       2
   1.005  -2.522  0.7601    -0.1406    -0.6195  0.5228  0.4824       2
  0.9896  -2.522  0.7594    -0.1402    -0.6192  0.7147  0.6706       3
  0.9731  -2.525  0.7589    -0.1422    -0.6166  0.7035  0.6589       3
  0.9731  -2.525  0.7589    -0.1422    -0.6166  0.7035  0.6589       3
   0.954  -2.528  0.7573     -0.144    -0.6134  0.6903  0.6453       3
   0.954  -2.528  0.7573     -0.144    -0.6134  0.6903  0.6453       3
   0.954  -2.528  0.7573     -0.144    -0.6134  0.6903  0.6453       3
  0.9368  -2.533  0.7551    -0.1463    -0.6088  0.6785  0.6329       3
    0.92  -2.535  0.7533    -0.1472    -0.6062  0.6669  0.6211       3
    0.92  -2.535  0.7533    -0.1472    -0.6062  0.6669  0.6211       3
  0.9002   -2.54  0.7499    -0.1483    -0.6016  0.6531  0.6071       3
  0.8837  -2.547  0.7476    -0.1531    -0.5945  0.6422  0.5949       3
  0.8837  -2.547  0.7476    -0.1531    -0.5945  0.6422  0.5949       3
  0.8644  -2.547  0.7446    -0.1504    -0.5941  0.6284  0.5818       3
  0.8644  -2.547  0.7446    -0.1504    -0.5941  0.6284  0.5818       3
  0.8644  -2.547  0.7446    -0.1504    -0.5941  0.6284  0.5818       3
  0.8455  -2.552  0.7443    -0.1545    -0.5899  0.6157  0.5681       3
  0.8455  -2.552  0.7443    -0.1545    -0.5899  0.6157  0.5681       3
  0.8078  -2.559  0.7414    -0.1588    -0.5826  0.5898  0.5411       3
  0.8078  -2.559  0.7414    -0.1588    -0.5826  0.5898  0.5411       3
  0.8078  -2.559  0.7414    -0.1588    -0.5826  0.5898  0.5411       3
  0.7898  -2.562  0.7403    -0.1605    -0.5798  0.5774  0.5283       3
  0.7898  -2.562  0.7403    -0.1605    -0.5798  0.5774  0.5283       3
  0.7706  -2.565  0.7396    -0.1629    -0.5767  0.5643  0.5145       3
  0.7518  -2.569  0.7385    -0.1664    -0.5721  0.5515  0.5009       3
  0.7518  -2.569  0.7385    -0.1664    -0.5721  0.5515  0.5009       3
  0.7518  -2.569  0.7385    -0.1664    -0.5721  0.5515  0.5009       3
  0.7518  -2.569  0.7385    -0.1664    -0.5721  0.5515  0.5009       3
  0.7134  -2.577   0.736    -0.1716    -0.5644  0.5254  0.4734       3
  0.7134  -2.577   0.736    -0.1716    -0.5644  0.5254  0.4734       3
  0.6967  -2.581  0.7354    -0.1751    -0.5602  0.5141  0.4612       3
  0.6787  -2.586  0.7336    -0.1782    -0.5554  0.5019  0.4483       3
  0.6588  -2.589  0.7329    -0.1805    -0.5524  0.4883  0.4341       3
  0.6588  -2.589  0.7329    -0.1805    -0.5524  0.4883  0.4341       3
  0.6588  -2.589  0.7329    -0.1805    -0.5524  0.4883  0.4341       3
  0.6421  -2.595  0.7342    -0.1873     -0.547  0.4774  0.4215       3
  0.6421  -2.595  0.7342    -0.1873     -0.547  0.4774  0.4215       3
  0.6245  -2.599  0.7329    -0.1903    -0.5426  0.4655  0.4088       3
  0.6089  -2.605  0.7314    -0.1944     -0.537  0.4551  0.3973       3
  0.6089  -2.605  0.7314    -0.1944     -0.537  0.4551  0.3973       3
  0.6089  -2.605  0.7314    -0.1944     -0.537  0.4551  0.3973       3
  0.5951  -2.611  0.7314    -0.2007    -0.5307  0.4462  0.3869       3
  0.5791  -2.618  0.7296    -0.2058    -0.5238  0.4357   0.375       3
  0.5791  -2.618  0.7296    -0.2058    -0.5238  0.4357   0.375       3
  0.5633  -2.626  0.7274    -0.2116    -0.5158  0.4254  0.3633       3
  0.5633  -2.626  0.7274    -0.2116    -0.5158  0.4254  0.3633       3
  0.5484  -2.635  0.7238    -0.2174    -0.5064  0.4157  0.3521       3
  0.5484  -2.635  0.7238    -0.2174    -0.5064  0.4157  0.3521       3
  0.5348  -2.644  0.7191    -0.2217    -0.4974  0.4067   0.342       3
   0.519  -2.648  0.7153    -0.2221    -0.4932  0.3956  0.3309       3
   0.519  -2.648  0.7153    -0.2221    -0.4932  0.3956  0.3309       3
  0.5064  -2.653  0.7144    -0.2259    -0.4885  0.3873  0.3216       3
  0.5064  -2.653  0.7144    -0.2259    -0.4885  0.3873  0.3216       3
  0.5064  -2.653  0.7144    -0.2259    -0.4885  0.3873  0.3216       3
  0.4918  -2.658  0.7114    -0.2281    -0.4834  0.3774  0.3112       3
  0.4776  -2.667  0.7067    -0.2326    -0.4741   0.368  0.3006       3
  0.4776  -2.667  0.7067    -0.2326    -0.4741   0.368  0.3006       3
  0.4776  -2.667  0.7067    -0.2326    -0.4741   0.368  0.3006       3
   0.464  -2.678  0.7045    -0.2408    -0.4637  0.3595  0.2901       3
  0.4507  -2.686   0.702    -0.2467    -0.4552  0.3509    0.28       3
  0.4507  -2.686   0.702    -0.2467    -0.4552  0.3509    0.28       3
  0.4369  -2.701  0.6982    -0.2577    -0.4405  0.3427   0.269       3
  0.4217  -2.711  0.6909    -0.2603    -0.4306  0.3323   0.258       3
  0.4217  -2.711  0.6909    -0.2603    -0.4306  0.3323   0.258       3
  0.4078  -2.722  0.6861     -0.266    -0.4201  0.3233  0.2476       3
  0.4078  -2.722  0.6861     -0.266    -0.4201  0.3233  0.2476       3
  0.4078  -2.722  0.6861     -0.266    -0.4201  0.3233  0.2476       3
  0.3952  -2.728   0.683    -0.2697    -0.4133  0.3149  0.2383       3
  0.3952  -2.728   0.683    -0.2697    -0.4133  0.3149  0.2383       3
  0.3819   -2.74  0.6806    -0.2789    -0.4017  0.3068  0.2279       3
  0.3702  -2.747  0.6773    -0.2823    -0.3951   0.299  0.2193       3
  0.3609  -2.762   0.674    -0.2947    -0.3793  0.2941  0.2112       3
  0.3609  -2.762   0.674    -0.2947    -0.3793  0.2941  0.2112       3
  0.3609  -2.762   0.674    -0.2947    -0.3793  0.2941  0.2112       3
  0.3484  -2.772  0.6656    -0.2955    -0.3701  0.2853  0.2024       3
  0.3375  -2.785  0.6582    -0.3013     -0.357  0.2784  0.1941       3
  0.3375  -2.785  0.6582    -0.3013     -0.357  0.2784  0.1941       3
  0.3258    -2.8  0.6513    -0.3096    -0.3417  0.2713  0.1849       3
   0.314  -2.808  0.6458     -0.312    -0.3337  0.2633  0.1763       3
   0.314  -2.808  0.6458     -0.312    -0.3337  0.2633  0.1763       3
   0.314  -2.808  0.6458     -0.312    -0.3337  0.2633  0.1763       3
   0.314  -2.808  0.6458     -0.312    -0.3337  0.2633  0.1763       3
   0.314  -2.808  0.6458     -0.312    -0.3337  0.2633  0.1763       3
    0.29  -2.836  0.6341    -0.3289    -0.3052  0.2486  0.1575       3
    0.29  -2.836  0.6341    -0.3289    -0.3052  0.2486  0.1575       3
  0.2791  -2.855  0.6285    -0.3419    -0.2866  0.2425  0.1482       3
  0.2791  -2.855  0.6285    -0.3419    -0.2866  0.2425  0.1482       3
  0.2686  -2.866  0.6248    -0.3492    -0.2757  0.2361  0.1399       3
  0.2686  -2.866  0.6248    -0.3492    -0.2757  0.2361  0.1399       3
  0.2568  -2.881  0.6216    -0.3611    -0.2605  0.2293  0.1302       3
  0.2478  -2.893  0.6185    -0.3699    -0.2486  0.2242  0.1228       3
  0.2368  -2.909  0.6151    -0.3826    -0.2325   0.218  0.1135       3
  0.2368  -2.909  0.6151    -0.3826    -0.2325   0.218  0.1135       3
  0.2368  -2.909  0.6151    -0.3826    -0.2325   0.218  0.1135       3
  0.2278  -2.931  0.6109    -0.4004    -0.2105  0.2139   0.105       3
  0.2196  -2.949  0.6063    -0.4133     -0.193  0.2098  0.0977       3
  0.2196  -2.949  0.6063    -0.4133     -0.193  0.2098  0.0977       3
  0.2196  -2.949  0.6063    -0.4133     -0.193  0.2098  0.0977       3
  0.2073  -2.972   0.601    -0.4318    -0.1692  0.2035 0.08679       3
  0.2073  -2.972   0.601    -0.4318    -0.1692  0.2035 0.08679       3
  0.1982   -2.99  0.5968    -0.4451    -0.1517  0.1987 0.07876       3
  0.1896  -3.005  0.5943    -0.4579    -0.1365  0.1943 0.07118       3
  0.1802  -3.026  0.5914    -0.4759    -0.1155  0.1899 0.06235       3
  0.1802  -3.026  0.5914    -0.4759    -0.1155  0.1899 0.06235       3
  0.1711  -3.047  0.5923    -0.4973   -0.09492  0.1862 0.05334       3
  0.1711  -3.047  0.5923    -0.4973   -0.09492  0.1862 0.05334       3
  0.1711  -3.047  0.5923    -0.4973   -0.09492  0.1862 0.05334       3
  0.1612  -3.075  0.5939    -0.5274   -0.06651   0.183 0.04277       3
  0.1529  -3.107  0.5943    -0.5596   -0.03473  0.1811 0.03303       3
  0.1529  -3.107  0.5943    -0.5596   -0.03473  0.1811 0.03303       3
  0.1441    3.14  0.5935    -0.5954   0.001825  0.1792 0.02256       3
  0.1441    3.14  0.5935    -0.5954   0.001825  0.1792 0.02256       3
  0.1359   3.095  0.5937    -0.6407    0.04701  0.1789  0.0114       3
   0.129    3.05  0.5959    -0.6871    0.09124  0.17960.001061       3
   0.129    3.05  0.5959    -0.6871    0.09124  0.17960.001061       3
   0.129    3.05  0.5959    -0.6871    0.09124  0.17960.001061       3
  0.1197   3.003  0.5963    -0.7348     0.1385  0.1786-0.01105       3
  0.1197   3.003  0.5963    -0.7348     0.1385  0.1786-0.01105       3
  0.1126   2.947  0.5972    -0.7919     0.1947  0.1802-0.02252       3
  0.1045   2.885  0.5971    -0.8539     0.2568  0.1814-0.03515       3
  0.1045   2.885  0.5971    -0.8539     0.2568  0.1814-0.03515       3
 0.09842   2.826  0.5897    -0.9052     0.3154  0.1828-0.04499       3
  0.1005   2.795   0.555    -0.9014     0.3463  0.1837-0.04292       3
  0.1005   2.795   0.555    -0.9014     0.3463  0.1837-0.04292       3
  0.1005   2.795   0.555    -0.9014     0.3463  0.1837-0.04292       3
 0.09534   2.774  0.5262    -0.8936     0.3674   0.179-0.04556       3
 0.09522   2.722   0.496    -0.9153     0.4193  0.1811-0.04784       3
 0.09522   2.722   0.496    -0.9153     0.4193  0.1811-0.04784       3
 0.09225   2.715  0.4708    -0.8976     0.4268   0.177-0.04786       3
 0.09225   2.715  0.4708    -0.8976     0.4268   0.177-0.04786       3
 0.09019   2.692  0.4406    -0.8903     0.4497  0.1746-0.04836       3
 0.09019   2.692  0.4406    -0.8903     0.4497  0.1746-0.04836       3
 0.08803   2.672  0.4177    -0.8869     0.4692  0.1726-0.04938       3
 0.08742   2.666  0.3962    -0.8713     0.4751  0.1704-0.04798       3
 0.08742   2.666  0.3962    -0.8713     0.4751  0.1704-0.04798       3
 0.08742   2.666  0.3962    -0.8713     0.4751  0.1704-0.04798       3
 0.08465   2.646  0.3748    -0.8702     0.4954  0.1682-0.04968       3
 0.08546   2.636  0.3567    -0.8623     0.5056  0.1678-0.04815       3
 0.08546   2.636  0.3567    -0.8623     0.5056  0.1678-0.04815       3
 0.08311   2.632  0.3378    -0.8473     0.5094  0.1644-0.04803       3
 0.08311   2.632  0.3378    -0.8473     0.5094  0.1644-0.04803       3
 0.08236   2.608  0.3228    -0.8562     0.5333  0.1648-0.04946       3
 0.08349    2.63  0.3087      -0.82     0.5113  0.1615-0.04456       3
 0.08349    2.63  0.3087      -0.82     0.5113  0.1615-0.04456       3
 0.08195   2.617   0.297    -0.8219     0.5249  0.1605 -0.0458       3
 0.08195   2.617   0.297    -0.8219     0.5249  0.1605 -0.0458       3
 0.07992   2.597  0.2852    -0.8294     0.5441  0.1599-0.04799       3
 0.07992   2.597  0.2852    -0.8294     0.5441  0.1599-0.04799       3
 0.08093   2.602  0.2744    -0.8141     0.5397  0.1588-0.04552       3
 0.08093   2.602  0.2744    -0.8141     0.5397  0.1588-0.04552       3
 0.08001   2.585  0.2603    -0.8172     0.5569  0.1584-0.04644       3
 0.07912   2.585   0.247    -0.8037     0.5566  0.1562-0.04547       3
 0.07912   2.585   0.247    -0.8037     0.5566  0.1562-0.04547       3
 0.07788   2.564  0.2351    -0.8127     0.5776  0.1563 -0.0473       3
 0.07788   2.564  0.2351    -0.8127     0.5776  0.1563 -0.0473       3
 0.07788   2.564  0.2351    -0.8127     0.5776  0.1563 -0.0473       3
 0.07559   2.563   0.222    -0.8002     0.5783  0.1533-0.04742       3
 0.07559   2.563   0.222    -0.8002     0.5783  0.1533-0.04742       3
 0.07589   2.548  0.2094    -0.8031     0.5937  0.1537-0.04747       3
 0.07562   2.524   0.196    -0.8134     0.6174  0.1546-0.04875       3
 0.07562   2.524   0.196    -0.8134     0.6174  0.1546-0.04875       3
 0.07338    2.52  0.1843    -0.8062     0.6219  0.1522-0.04945       3
 0.07292   2.526  0.1711    -0.7866     0.6155  0.1496-0.04748       3
 0.07292   2.526  0.1711    -0.7866     0.6155  0.1496-0.04748       3
 0.07292   2.526  0.1711    -0.7866     0.6155  0.1496-0.04748       3
 0.07292   2.526  0.1711    -0.7866     0.6155  0.1496-0.04748       3
  0.0712   2.519  0.1442    -0.7664     0.6222  0.1459-0.04625       3
  0.0712   2.519  0.1442    -0.7664     0.6222  0.1459-0.04625       3
 0.07262   2.533  0.1328    -0.7412     0.6084   0.144-0.04231       3
 0.07097   2.508  0.1209    -0.7542     0.6334  0.1443-0.04489       3
 0.07097   2.508  0.1209    -0.7542     0.6334  0.1443-0.04489       3
 0.06867   2.474  0.1089    -0.7761     0.6672  0.1451-0.04894       3
 0.06867   2.474  0.1089    -0.7761     0.6672  0.1451-0.04894       3
 0.06891   2.627  0.1072    -0.6221     0.5148  0.1273-0.03079       3
 0.06891   2.627  0.1072    -0.6221     0.5148  0.1273-0.03079       3
 0.06891   2.627  0.1072    -0.6221     0.5148  0.1273-0.03079       3
 0.06782    2.63  0.0985    -0.6102     0.5117   0.125-0.03009       3
 0.06782    2.63  0.0985    -0.6102     0.5117   0.125-0.03009       3
 0.06605   2.603 0.08724    -0.6262      0.539  0.1257-0.03318       3
 0.06519   2.591 0.07666    -0.6274     0.5508  0.1251-0.03387       3
 0.06421   2.594 0.06262    -0.6104     0.5478  0.1224-0.03246       3
 0.06421   2.594 0.06262    -0.6104     0.5478  0.1224-0.03246       3
 0.06421   2.594 0.06262    -0.6104     0.5478  0.1224-0.03246       3
 0.06421   2.594 0.06262    -0.6104     0.5478  0.1224-0.03246       3
 0.06278   2.569 0.04583    -0.6188      0.573  0.1223-0.03437       3
 0.06293   2.566 0.03137    -0.6068     0.5755  0.1209-0.03276       3
 0.06069   2.548 0.01521    -0.6088     0.5936  0.1194-0.03448       3
 0.06069   2.548 0.01521    -0.6088     0.5936  0.1194-0.03448       3
 0.05851    2.540.001407    -0.6028     0.6014  0.1171-0.03521       3
 0.05666   2.526-0.01246    -0.6026     0.6151  0.1157-0.03642       3
 0.05666   2.526-0.01246    -0.6026     0.6151  0.1157-0.03642       3
 0.05666   2.526-0.01246    -0.6026     0.6151  0.1157-0.03642       3
 0.05491    2.51-0.02745    -0.6037     0.6311  0.1146 -0.0377       3
 0.05505   2.486  -0.041    -0.6143     0.6553  0.1159 -0.0388       3
 0.05505   2.486  -0.041    -0.6143     0.6553  0.1159 -0.0388       3
 0.05325   2.461-0.04984    -0.6308     0.6806  0.1165-0.04198       3
 0.05278   2.402-0.05899    -0.6802     0.7392   0.122 -0.0481       3
 0.05278   2.402-0.05899    -0.6802     0.7392   0.122 -0.0481       3
 0.05278   2.402-0.05899    -0.6802     0.7392   0.122 -0.0481       3
 0.05357   2.478-0.06113    -0.6029     0.6641  0.1134-0.03837       3
 0.05357   2.478-0.06113    -0.6029     0.6641  0.1134-0.03837       3
 0.05357   2.478-0.06113    -0.6029     0.6641  0.1134-0.03837       3
  0.0512    2.44-0.07096    -0.6307     0.7016   0.115-0.04329       3
  0.0512    2.44-0.07096    -0.6307     0.7016   0.115-0.04329       3
  0.0512    2.44-0.07096    -0.6307     0.7016   0.115-0.04329       3
 0.05041   2.417-0.07684    -0.6479     0.7247  0.1164-0.04586       3
 0.05109   2.424-0.07878    -0.6387     0.7174  0.1158-0.04427       3
 0.05109   2.424-0.07878    -0.6387     0.7174  0.1158-0.04427       3
 0.05027   2.419-0.08445    -0.6381     0.7226  0.1151-0.04476       3
 0.05014   2.416-0.08887    -0.6368     0.7256  0.1149-0.04466       3
 0.05014   2.416-0.08887    -0.6368     0.7256  0.1149-0.04466       3
  0.0479   2.414-0.09248    -0.6348     0.7273   0.113-0.04597       3
  0.0479   2.414-0.09248    -0.6348     0.7273   0.113-0.04597       3
 0.04941   2.427-0.09248    -0.6219     0.7144  0.1126-0.04338       3
 0.04941   2.427-0.09248    -0.6219     0.7144  0.1126-0.04338       3
    0.05   2.404-0.09274     -0.645     0.7377  0.1157-0.04571       3
 0.05043   2.434-0.09239     -0.615     0.7074  0.1125-0.04185       3
 0.05043   2.434-0.09239     -0.615     0.7074  0.1125-0.04185       3
 0.05031   2.442-0.09221    -0.6076     0.6998  0.1115-0.04105       3
 0.05031   2.442-0.09221    -0.6076     0.6998  0.1115-0.04105       3
 0.05031   2.442-0.09221    -0.6076     0.6998  0.1115-0.04105       3
 0.05087   2.436-0.09274    -0.6128     0.7056  0.1125-0.04128       3
 0.04956   2.445-0.09293    -0.6035     0.6965  0.1105-0.04108       3
 0.04956   2.445-0.09293    -0.6035     0.6965  0.1105-0.04108       3
 0.04956   2.445-0.09293    -0.6035     0.6965  0.1105-0.04108       3
  0.0522   2.411-0.09453    -0.6357     0.7303  0.1162-0.04307       3
  0.0522   2.411-0.09453    -0.6357     0.7303  0.1162-0.04307       3
 0.04924   2.433-0.09523    -0.6132     0.7084  0.1114-0.04245       3
 0.05054   2.454-0.09372    -0.5941     0.6878    0.11-0.03927       3
 0.05054   2.454-0.09372    -0.5941     0.6878    0.11-0.03927       3
 0.05031    2.44-0.09439    -0.6071     0.7015  0.1114-0.04097       3
 0.05031    2.44-0.09439    -0.6071     0.7015  0.1114-0.04097       3
 0.05037    2.42-0.09482    -0.6272      0.722  0.1139-0.04333       3
