1.5708  -2  -2  
1.5708  -2  -2  
1.5708  -2  -2  
1.5708  -2  -2  
1.5708  -2  -2    
1.56972  -2.00126  -2.00254  
1.56972  -2.00126  -2.00254  
1.56975  -2.00064  -2.00218  
1.56968  -2.0012  -2.00296  
1.56968  -2.0012  -2.00296  
1.56968  -2.0012  -2.00296  
1.56968  -2.0012  -2.00296  
1.56944  -2.00041  -2.00338  
1.56944  -2.00041  -2.00338  
1.56934  -2.00082  -2.00369  
1.56934  -2.00082  -2.00369  
1.56934  -2.00082  -2.00369  
1.56963  -2.00155  -2.00248  
1.56921  -2.00043  -2.00306  
1.56921  -2.00043  -2.00306  
1.56921  -2.00043  -2.00306  
1.56859  -2.00218  -2.00213  
1.56859  -2.00218  -2.00213  
1.56859  -2.00218  -2.00213  
1.56859  -2.00218  -2.00213  
1.56896  -2.00208  -2.00213  
1.57023  -2.00014  -2.00188  
1.57023  -2.00014  -2.00188  
1.5692  -2.00182  -2.00203  
1.56943  -2.00155  -2.00245  
1.56943  -2.00155  -2.00245  
1.56943  -2.00155  -2.00245  
1.56979  -1.99946  -2.00318  
1.56979  -1.99946  -2.00318  
1.56979  -1.99946  -2.00318  
1.56994  -1.99992  -2.00271  
1.56994  -1.99992  -2.00271  
1.56979  -1.99975  -2.00235  
1.56979  -1.99975  -2.00235  
1.56979  -1.99975  -2.00235  
1.57029  -2.00017  -2.00168  
1.57029  -2.00017  -2.00168  
1.57017  -1.9996  -2.00178  
1.56943  -2.00107  -2.00054  
1.55976  -2.00004  -1.99864  
1.55976  -2.00004  -1.99864  
1.54188  -2.00115  -1.99638  
1.54188  -2.00115  -1.99638  
1.52076  -1.99964  -1.99191  
1.52076  -1.99964  -1.99191  
1.49545  -1.99901  -1.99014  
1.49545  -1.99901  -1.99014  
1.49545  -1.99901  -1.99014  
1.49545  -1.99901  -1.99014  
1.43457  -1.9989  -1.98637  
1.40037  -2.00031  -1.98203  
1.40037  -2.00031  -1.98203  
1.36858  -1.99994  -1.97994  
1.36858  -1.99994  -1.97994  
1.36858  -1.99994  -1.97994  
1.33422  -2.00006  -1.97577  
1.29962  -1.99892  -1.9742  
1.29962  -1.99892  -1.9742  
1.26563  -1.99969  -1.97269  
1.23329  -1.99689  -1.97157  
1.20389  -1.9969  -1.9699  
1.20389  -1.9969  -1.9699  
1.20389  -1.9969  -1.9699  
1.17629  -1.99671  -1.96951  
1.14852  -1.99362  -1.96859  
1.14852  -1.99362  -1.96859  
1.14852  -1.99362  -1.96859  
1.1187  -1.99584  -1.96707  
1.1187  -1.99584  -1.96707  
1.09319  -1.99391  -1.96836  
1.05932  -1.99317  -1.96733  
1.05932  -1.99317  -1.96733  
1.05932  -1.99317  -1.96733  
1.02723  -1.99342  -1.96473  
1.02723  -1.99342  -1.96473  
0.995912  -1.99257  -1.9657  
0.96774  -1.99161  -1.9646  
0.93934  -1.99199  -1.96631  
0.910276  -1.98476  -1.95116  
0.910276  -1.98476  -1.95116  
0.910276  -1.98476  -1.95116  
0.910276  -1.98476  -1.95116  
0.888727  -1.97093  -1.93126  
0.876345  -1.94969  -1.90659  
0.876345  -1.94969  -1.90659  
0.867437  -1.93029  -1.87271  
0.867437  -1.93029  -1.87271  
0.857311  -1.90417  -1.84678  
0.853329  -1.88121  -1.80875  
0.853329  -1.88121  -1.80875  
0.848595  -1.85376  -1.78583  
0.846665  -1.83159  -1.75336  
0.846665  -1.83159  -1.75336  
0.846665  -1.83159  -1.75336  
0.843472  -1.78105  -1.69099  
0.843472  -1.78105  -1.69099  
0.843472  -1.78105  -1.69099  
0.841306  -1.75816  -1.654  
0.836042  -1.72768  -1.62726  
0.836042  -1.72768  -1.62726  
0.836042  -1.72768  -1.62726  
0.836042  -1.72768  -1.62726  
0.835272  -1.70439  -1.58952  
0.835272  -1.70439  -1.58952  
0.829269  -1.67709  -1.56553  
0.827517  -1.64889  -1.53525  
0.82411  -1.62501  -1.50739  
0.82411  -1.62501  -1.50739  
0.82411  -1.62501  -1.50739  
0.82411  -1.62501  -1.50739  
0.82411  -1.62501  -1.50739  
0.82411  -1.62501  -1.50739  
0.82411  -1.62501  -1.50739  
0.821352  -1.5494  -1.42387  
0.821352  -1.5494  -1.42387  
0.821352  -1.5494  -1.42387  
0.822681  -1.52887  -1.39554  
0.838675  -1.48148  -1.33835  
0.838675  -1.48148  -1.33835  
0.848585  -1.45771  -1.31387  
0.848585  -1.45771  -1.31387  
0.848585  -1.45771  -1.31387  
0.863701  -1.43679  -1.28777  
0.863701  -1.43679  -1.28777  
0.877767  -1.41289  -1.26293  
0.890542  -1.39029  -1.23382  
0.890542  -1.39029  -1.23382  
0.890542  -1.39029  -1.23382  
0.896356  -1.37248  -1.20712  
0.896356  -1.37248  -1.20712  
0.898659  -1.35211  -1.18275  
0.898903  -1.33415  -1.1551  
0.897501  -1.31219  -1.13016  
0.897501  -1.31219  -1.13016  
0.897501  -1.31219  -1.13016  
0.897501  -1.31219  -1.13016  
0.892961  -1.27526  -1.08389  
0.892961  -1.27526  -1.08389  
0.892961  -1.27526  -1.08389  
0.894531  -1.25894  -1.06303  
0.89566  -1.24285  -1.0413  
0.89566  -1.24285  -1.0413  
0.89364  -1.22962  -1.01802  
0.888239  -1.21107  -1.00318  
0.888239  -1.21107  -1.00318  
0.888239  -1.21107  -1.00318  
0.882866  -1.19826  -0.979625  
0.871593  -1.18568  -0.962108  
0.871593  -1.18568  -0.962108  
0.859788  -1.17208  -0.945458  
0.859788  -1.17208  -0.945458  
0.848369  -1.15758  -0.924067  
0.840033  -1.14212  -0.910033  
0.840033  -1.14212  -0.910033  
0.840033  -1.14212  -0.910033  
0.833515  -1.12893  -0.893704  
0.831786  -1.1349  -0.878149  
0.831786  -1.1349  -0.878149  
0.831786  -1.1349  -0.878149  
0.831786  -1.1349  -0.878149  
0.820844  -1.12052  -0.860285  
0.812671  -1.10645  -0.848132  
0.805197  -1.09235  -0.832398  
0.805197  -1.09235  -0.832398  
0.805197  -1.09235  -0.832398  
0.798634  -1.07845  -0.819808  
0.798634  -1.07845  -0.819808  
0.793653  -1.06516  -0.804947  
0.787638  -1.05092  -0.790918  
0.781356  -1.03876  -0.775766  
0.781356  -1.03876  -0.775766  
0.781356  -1.03876  -0.775766  
0.781356  -1.03876  -0.775766  
0.775405  -1.02453  -0.762491  
0.769955  -1.00859  -0.748529  
0.769955  -1.00859  -0.748529  
0.767859  -0.993687  -0.73545  
0.764558  -0.977539  -0.719532  
0.764558  -0.977539  -0.719532  
0.759917  -0.963715  -0.707568  
0.753863  -0.951402  -0.695875  
0.753863  -0.951402  -0.695875  
0.747635  -0.938886  -0.682516  
0.747635  -0.938886  -0.682516  
0.747635  -0.938886  -0.682516  
0.743887  -0.924708  -0.672225  
0.740302  -0.911817  -0.659206  
0.736996  -0.897924  -0.650043  
0.736996  -0.897924  -0.650043  
0.735974  -0.885821  -0.638594  
0.734804  -0.87211  -0.629219  
0.734804  -0.87211  -0.629219  
0.734804  -0.87211  -0.629219  
0.734865  -0.859443  -0.618102  
0.734331  -0.846411  -0.606142  
0.734331  -0.846411  -0.606142  
0.73263  -0.835318  -0.593523  
0.73263  -0.835318  -0.593523  
0.728071  -0.82359  -0.581953  
0.728071  -0.82359  -0.581953  
0.725347  -0.809112  -0.57035  
0.724262  -0.798339  -0.560549  
0.724262  -0.798339  -0.560549  
0.724262  -0.798339  -0.560549  
0.722402  -0.785273  -0.549836  
0.722251  -0.774412  -0.540236  
0.722251  -0.774412  -0.540236  
0.722251  -0.774412  -0.540236  
0.720605  -0.763314  -0.527892  
0.720605  -0.763314  -0.527892  
0.717765  -0.749164  -0.517189  
0.717765  -0.749164  -0.517189  
0.713643  -0.73656  -0.500113  
0.708995  -0.721477  -0.488965  
0.708995  -0.721477  -0.488965  
0.708865  -0.705827  -0.474821  
0.708865  -0.705827  -0.474821  
0.708865  -0.705827  -0.474821  
0.70862  -0.688943  -0.461794  
0.70684  -0.672149  -0.447723  
0.70684  -0.672149  -0.447723  
0.707895  -0.657651  -0.437036  
0.707676  -0.642927  -0.424875  
0.707676  -0.642927  -0.424875  
0.707676  -0.642927  -0.424875  
0.699927  -0.613382  -0.399343  
0.699927  -0.613382  -0.399343  
0.699927  -0.613382  -0.399343  
0.699109  -0.599216  -0.383969  
0.6982  -0.5844  -0.37292  
0.696874  -0.569316  -0.359737  
0.696874  -0.569316  -0.359737  
0.696874  -0.569316  -0.359737  
0.696297  -0.553293  -0.348845  
0.6962  -0.540338  -0.336314  
0.6962  -0.540338  -0.336314  
0.6962  -0.540338  -0.336314  
0.694346  -0.52627  -0.324449  
0.692264  -0.514476  -0.312454  
0.689318  -0.500828  -0.302737  
0.689318  -0.500828  -0.302737  
0.689318  -0.500828  -0.302737  
0.689318  -0.500828  -0.302737  
0.687364  -0.489541  -0.292347  
0.687364  -0.489541  -0.292347  
0.687364  -0.489541  -0.292347  
0.681348  -0.465172  -0.271533  
0.681348  -0.465172  -0.271533  
0.681348  -0.465172  -0.271533  
0.681348  -0.465172  -0.271533  
0.67726  -0.442224  -0.249947  
0.671877  -0.429771  -0.239002  
0.668081  -0.417177  -0.229095  
0.668081  -0.417177  -0.229095  
0.666219  -0.404132  -0.219783  
0.666219  -0.404132  -0.219783  
0.666219  -0.404132  -0.219783  
0.665384  -0.392709  -0.209013  
0.665384  -0.392709  -0.209013  
0.663857  -0.379514  -0.199099  
0.662952  -0.368041  -0.188612  
0.662952  -0.368041  -0.188612  
0.659651  -0.35375  -0.179396  
0.659651  -0.35375  -0.179396  
0.655434  -0.345034  -0.169181  
0.655434  -0.345034  -0.169181  
0.651129  -0.332912  -0.160188  
0.651129  -0.332912  -0.160188  
0.646275  -0.322889  -0.150461  
0.641417  -0.312778  -0.142976  
0.640443  -0.304403  -0.136855  
0.640443  -0.304403  -0.136855  
0.640443  -0.304403  -0.136855  
0.639516  -0.292266  -0.130012  
0.639516  -0.292266  -0.130012  
0.640886  -0.282681  -0.122654  
0.640886  -0.282681  -0.122654  
0.640728  -0.272448  -0.114891  
0.64091  -0.262764  -0.106779  
0.642523  -0.253711  -0.101828  
0.642523  -0.253711  -0.101828  
0.642523  -0.253711  -0.101828  
0.645944  -0.242755  -0.0949363  
0.646862  -0.232254  -0.0853366  
0.646862  -0.232254  -0.0853366  
0.649003  -0.223198  -0.0779574  
0.64718  -0.213883  -0.0721678  
0.64718  -0.213883  -0.0721678  
0.647578  -0.207586  -0.0651089  
0.647578  -0.207586  -0.0651089  
0.647578  -0.207586  -0.0651089  
0.647578  -0.207586  -0.0651089  
0.644613  -0.198242  -0.0580933  
0.644275  -0.189421  -0.052065  
0.643628  -0.180426  -0.0445179  
0.643628  -0.180426  -0.0445179  
0.643628  -0.180426  -0.0445179  
0.643255  -0.171229  -0.0396702  
0.64419  -0.162608  -0.0314799  
0.644147  -0.155133  -0.026113  
0.644147  -0.155133  -0.026113  
0.644147  -0.155133  -0.026113  
0.643834  -0.146117  -0.020745  
0.645619  -0.136871  -0.0145968  
0.645619  -0.136871  -0.0145968  
0.646438  -0.128332  -0.00781808  
0.646438  -0.128332  -0.00781808  
0.646438  -0.128332  -0.00781808  
0.64731  -0.120747  -0.00101851  
0.646727  -0.114491  0.00418471  
0.646727  -0.114491  0.00418471  
0.644822  -0.106995  0.0109716  
0.644822  -0.106995  0.0109716  
0.641491  -0.0996829  0.0147  
0.641491  -0.0996829  0.0147  
0.628935  -0.0908663  0.0198442  
0.628935  -0.0908663  0.0198442  
0.602587  -0.0919523  0.0214437  
0.58177  -0.0911868  0.0197745  
0.58177  -0.0911868  0.0197745  
0.563449  -0.0889631  0.0222673  
0.563449  -0.0889631  0.0222673  
0.563449  -0.0889631  0.0222673  
0.547489  -0.0884249  0.0225777  
0.533152  -0.0869445  0.0231973  
0.515076  -0.084778  0.023367  
0.515076  -0.084778  0.023367  
0.515076  -0.084778  0.023367  
0.49697  -0.0830645  0.0249622  
0.479084  -0.0814532  0.023941  
0.463038  -0.0813674  0.0238717  
0.463038  -0.0813674  0.0238717  
0.463038  -0.0813674  0.0238717  
0.445833  -0.0820732  0.0241246  
0.445833  -0.0820732  0.0241246  
0.425562  -0.0802146  0.024538  
0.425562  -0.0802146  0.024538  
0.405562  -0.0794118  0.0233122  
0.384978  -0.0787005  0.0243058  
0.362188  -0.0777779  0.0228014  
0.362188  -0.0777779  0.0228014  
0.362188  -0.0777779  0.0228014  
0.339975  -0.076691  0.0237898  
0.339975  -0.076691  0.0237898  
0.319077  -0.0766783  0.0233077  
0.296444  -0.0733983  0.0233241  
0.296444  -0.0733983  0.0233241  
0.276685  -0.0712773  0.0232714  
0.276685  -0.0712773  0.0232714  
0.255496  -0.0707538  0.023869  
0.255496  -0.0707538  0.023869  
0.231436  -0.0698152  0.0240576  
0.231436  -0.0698152  0.0240576  
0.231436  -0.0698152  0.0240576  
0.220279  -0.0733943  0.0303646  
0.211556  -0.0757138  0.0374635  
0.211556  -0.0757138  0.0374635  
0.194623  -0.0741734  0.0380348  
0.194623  -0.0741734  0.0380348  
0.1757  -0.0719244  0.0371425  
0.1757  -0.0719244  0.0371425  
0.156481  -0.0710136  0.0389494  
0.139666  -0.0698948  0.0383408  
0.126585  -0.0675799  0.0398691  
0.126585  -0.0675799  0.0398691  
0.126585  -0.0675799  0.0398691  
0.115611  -0.0680113  0.039836  
0.107596  -0.0684473  0.0386483  
0.0989362  -0.0646652  0.0401772  
0.0989362  -0.0646652  0.0401772  
0.09045  -0.0646491  0.039918  
0.09045  -0.0646491  0.039918  
0.0838451  -0.063467  0.040374  
0.0838451  -0.063467  0.040374  
0.0838451  -0.063467  0.040374  
0.0770633  -0.0622432  0.0383289  
0.0696615  -0.0630141  0.0396774  
0.0696615  -0.0630141  0.0396774  
0.0640485  -0.0614266  0.0399678  
0.0640485  -0.0614266  0.0399678  
0.0570434  -0.0633989  0.0394384  
0.0475334  -0.0607121  0.038868  
0.0475334  -0.0607121  0.038868  
0.0475334  -0.0607121  0.038868  
0.0475334  -0.0607121  0.038868  
0.0396975  -0.0602301  0.0386678  
0.0214729  -0.05701  0.0392124  
0.0214729  -0.05701  0.0392124  
0.0214729  -0.05701  0.0392124  
0.00761709  -0.0563134  0.0401822  
0.00761709  -0.0563134  0.0401822  
0.00761709  -0.0563134  0.0401822  
0.00264338  -0.0553231  0.0390262  
-0.000485452  -0.0535467  0.0397705  
-0.000485452  -0.0535467  0.0397705  
-0.000485452  -0.0535467  0.0397705  

