   2.828  -2.356   1.571    -0.7854    -0.7854  0.2257 -0.2257       1
   2.828  -2.356   1.571    -0.7854    -0.7854  0.2257 -0.2257       1
   2.828  -2.356   1.571    -0.7854    -0.7854  0.2257 -0.2257       1
   2.828  -2.356   1.571    -0.7854    -0.7854  0.2257 -0.2257       1
   2.828  -2.356   1.571    -0.7854    -0.7854  0.2257 -0.2257       1
   2.831  -2.356    1.57     -0.784    -0.7857  0.2253 -0.2253       1
   2.831  -2.356    1.57     -0.784    -0.7857  0.2253 -0.2253       1
    2.83  -2.356    1.57     -0.784    -0.7858  0.2253 -0.2253       1
   2.831  -2.356    1.57    -0.7838    -0.7858  0.2253 -0.2253       1
   2.831  -2.356    1.57    -0.7838    -0.7858  0.2253 -0.2253       1
   2.831  -2.356    1.57    -0.7838    -0.7858  0.2253 -0.2253       1
   2.831  -2.356    1.57    -0.7838    -0.7858  0.2253 -0.2253       1
   2.831  -2.355   1.569    -0.7833    -0.7861  0.2251 -0.2251       1
   2.831  -2.355   1.569    -0.7833    -0.7861  0.2251 -0.2251       1
   2.832  -2.355   1.569    -0.7832    -0.7861  0.2251 -0.2251       1
   2.832  -2.355   1.569    -0.7832    -0.7861  0.2251 -0.2251       1
   2.832  -2.355   1.569    -0.7832    -0.7861  0.2251 -0.2251       1
   2.831  -2.356    1.57     -0.784    -0.7856  0.2253 -0.2253       1
   2.831  -2.356   1.569    -0.7832    -0.7861  0.2251 -0.2251       1
   2.831  -2.356   1.569    -0.7832    -0.7861  0.2251 -0.2251       1
   2.831  -2.356   1.569    -0.7832    -0.7861  0.2251 -0.2251       1
   2.831  -2.356   1.569    -0.7832    -0.7854  0.2251 -0.2251       1
   2.831  -2.356   1.569    -0.7832    -0.7854  0.2251 -0.2251       1
   2.831  -2.356   1.569    -0.7832    -0.7854  0.2251 -0.2251       1
   2.831  -2.356   1.569    -0.7832    -0.7854  0.2251 -0.2251       1
   2.831  -2.356   1.569    -0.7835    -0.7854  0.2252 -0.2252       1
    2.83  -2.356    1.57    -0.7844    -0.7858  0.2254 -0.2254       1
    2.83  -2.356    1.57    -0.7844    -0.7858  0.2254 -0.2254       1
   2.831  -2.356   1.569    -0.7837    -0.7855  0.2253 -0.2253       1
   2.831  -2.356   1.569    -0.7838    -0.7856  0.2253 -0.2253       1
   2.831  -2.356   1.569    -0.7838    -0.7856  0.2253 -0.2253       1
   2.831  -2.356   1.569    -0.7838    -0.7856  0.2253 -0.2253       1
    2.83  -2.355    1.57    -0.7835    -0.7863  0.2252 -0.2252       1
    2.83  -2.355    1.57    -0.7835    -0.7863  0.2252 -0.2252       1
    2.83  -2.355    1.57    -0.7835    -0.7863  0.2252 -0.2252       1
    2.83  -2.355    1.57    -0.7838    -0.7861  0.2253 -0.2253       1
    2.83  -2.355    1.57    -0.7838    -0.7861  0.2253 -0.2253       1
    2.83  -2.356    1.57    -0.7837     -0.786  0.2253 -0.2253       1
    2.83  -2.356    1.57    -0.7837     -0.786  0.2253 -0.2253       1
    2.83  -2.356    1.57    -0.7837     -0.786  0.2253 -0.2253       1
    2.83  -2.356    1.57    -0.7845    -0.7858  0.2255 -0.2255       1
    2.83  -2.356    1.57    -0.7845    -0.7858  0.2255 -0.2255       1
   2.829  -2.356    1.57    -0.7842    -0.7859  0.2254 -0.2254       1
    2.83  -2.356   1.569    -0.7842    -0.7853  0.2254 -0.2254       1
   2.827  -2.357    1.56    -0.7747     -0.785  0.2227 -0.2227       1
   2.827  -2.357    1.56    -0.7747     -0.785  0.2227 -0.2227       1
   2.827  -2.357   1.542    -0.7577    -0.7842  0.2178 -0.2178       1
   2.827  -2.357   1.542    -0.7577    -0.7842  0.2178 -0.2178       1
   2.822  -2.358   1.521    -0.7373    -0.7835  0.2119 -0.2119       1
   2.822  -2.358   1.521    -0.7373    -0.7835  0.2119 -0.2119       1
   2.821  -2.358   1.495    -0.7123    -0.7832  0.2047 -0.2047       1
   2.821  -2.358   1.495    -0.7123    -0.7832  0.2047 -0.2047       1
   2.821  -2.358   1.495    -0.7123    -0.7832  0.2047 -0.2047       1
   2.821  -2.358   1.495    -0.7123    -0.7832  0.2047 -0.2047       1
   2.818  -2.359   1.435    -0.6523    -0.7823  0.1875 -0.1875       1
   2.816  -2.361     1.4    -0.6196    -0.7808  0.1781 -0.1781       1
   2.816  -2.361     1.4    -0.6196    -0.7808  0.1781 -0.1781       1
   2.814  -2.361   1.369    -0.5882    -0.7804  0.1691 -0.1691       1
   2.814  -2.361   1.369    -0.5882    -0.7804  0.1691 -0.1691       1
   2.814  -2.361   1.369    -0.5882    -0.7804  0.1691 -0.1691       1
   2.811  -2.362   1.334    -0.5549    -0.7793  0.1595 -0.1595       1
   2.809  -2.362     1.3    -0.5204    -0.7792  0.1496 -0.1496       1
   2.809  -2.362     1.3    -0.5204    -0.7792  0.1496 -0.1496       1
   2.809  -2.363   1.266     -0.487    -0.7786    0.14   -0.14       1
   2.806  -2.363   1.233    -0.4543     -0.779  0.1306 -0.1306       1
   2.805  -2.363   1.204    -0.4253    -0.7786  0.1222 -0.1222       1
   2.805  -2.363   1.204    -0.4253    -0.7786  0.1222 -0.1222       1
   2.805  -2.363   1.204    -0.4253    -0.7786  0.1222 -0.1222       1
   2.805  -2.363   1.176    -0.3978    -0.7785  0.1143 -0.1143       1
   2.802  -2.363   1.149    -0.3694    -0.7791  0.1062 -0.1062       1
   2.802  -2.363   1.149    -0.3694    -0.7791  0.1062 -0.1062       1
   2.802  -2.363   1.149    -0.3694    -0.7791  0.1062 -0.1062       1
   2.802  -2.363   1.119    -0.3406    -0.7781 0.09788-0.09788       1
   2.802  -2.363   1.119    -0.3406    -0.7781 0.09788-0.09788       1
   2.802  -2.363   1.093    -0.3142    -0.7789 0.09032-0.09032       1
   2.801  -2.363   1.059    -0.2804    -0.7789  0.0806 -0.0806       1
   2.801  -2.363   1.059    -0.2804    -0.7789   1.441    1.36       2
   2.801  -2.363   1.059    -0.2804    -0.7789   1.441    1.36       2
   2.799  -2.363   1.027    -0.2491    -0.7781   1.435   1.364       2
   2.799  -2.363   1.027    -0.2491    -0.7781   1.435   1.364       2
   2.799  -2.363  0.9959    -0.2173    -0.7786   1.431   1.368       2
   2.798  -2.363  0.9677    -0.1892    -0.7786   1.426   1.372       2
   2.799  -2.363  0.9393    -0.1604    -0.7789   1.423   1.376       2
   2.783  -2.365  0.9103    -0.1334    -0.7769   1.411   1.372       2
   2.783  -2.365  0.9103    -0.1334    -0.7769   1.411   1.372       2
   2.783  -2.365  0.9103    -0.1334    -0.7769   1.411   1.372       2
   2.783  -2.365  0.9103    -0.1334    -0.7769   1.411   1.372       2
   2.759  -2.366  0.8887    -0.1135    -0.7752   1.396   1.363       2
   2.727  -2.367  0.8763    -0.1021    -0.7742   1.378   1.349       2
   2.727  -2.367  0.8763    -0.1021    -0.7742   1.378   1.349       2
   2.689  -2.371  0.8674   -0.09718    -0.7703   1.359   1.331       2
   2.689  -2.371  0.8674   -0.09718    -0.7703   1.359   1.331       2
   2.653  -2.371  0.8573   -0.08721    -0.7701   1.339   1.314       2
    2.61  -2.376  0.8533   -0.08757    -0.7658   1.317   1.292       2
    2.61  -2.376  0.8533   -0.08757    -0.7658   1.317   1.292       2
   2.574  -2.375  0.8486   -0.08186    -0.7667   1.299   1.275       2
   2.536  -2.378  0.8467   -0.08308    -0.7636    1.28   1.256       2
   2.536  -2.378  0.8467   -0.08308    -0.7636    1.28   1.256       2
   2.536  -2.378  0.8467   -0.08308    -0.7636    1.28   1.256       2
   2.456  -2.382  0.8435     -0.084    -0.7595    1.24   1.216       2
   2.456  -2.382  0.8435     -0.084    -0.7595    1.24   1.216       2
   2.456  -2.382  0.8435     -0.084    -0.7595    1.24   1.216       2
   2.414  -2.387  0.8413   -0.08643    -0.7549   1.219   1.195       2
   2.373  -2.386   0.836   -0.08057    -0.7555   1.198   1.175       2
   2.373  -2.386   0.836   -0.08057    -0.7555   1.198   1.175       2
   2.373  -2.386   0.836   -0.08057    -0.7555   1.198   1.175       2
   2.373  -2.386   0.836   -0.08057    -0.7555   1.198   1.175       2
   2.331  -2.391  0.8353   -0.08473    -0.7505   1.177   1.153       2
   2.331  -2.391  0.8353   -0.08473    -0.7505   1.177   1.153       2
   2.294  -2.391  0.8293   -0.07826     -0.751   1.158   1.136       2
   2.253  -2.392  0.8275   -0.07779    -0.7497   1.138   1.115       2
   2.217  -2.394  0.8241   -0.07624    -0.7479   1.119   1.097       2
   2.217  -2.394  0.8241   -0.07624    -0.7479   1.119   1.097       2
   2.217  -2.394  0.8241   -0.07624    -0.7479   1.119   1.097       2
   2.217  -2.394  0.8241   -0.07624    -0.7479   1.119   1.097       2
   2.217  -2.394  0.8241   -0.07624    -0.7479   1.119   1.097       2
   2.217  -2.394  0.8241   -0.07624    -0.7479   1.119   1.097       2
   2.217  -2.394  0.8241   -0.07624    -0.7479   1.119   1.097       2
   2.104  -2.398  0.8214   -0.07815    -0.7432   1.063   1.041       2
   2.104  -2.398  0.8214   -0.07815    -0.7432   1.063   1.041       2
   2.104  -2.398  0.8214   -0.07815    -0.7432   1.063   1.041       2
    2.07  -2.402  0.8227   -0.08284    -0.7398   1.047   1.023       2
   1.996  -2.407  0.8387     -0.104    -0.7347   1.013  0.9833       2
   1.996  -2.407  0.8387     -0.104    -0.7347   1.013  0.9833       2
   1.962  -2.408  0.8486     -0.115    -0.7335  0.9978  0.9647       2
   1.962  -2.408  0.8486     -0.115    -0.7335  0.9978  0.9647       2
   1.962  -2.408  0.8486     -0.115    -0.7335  0.9978  0.9647       2
   1.929  -2.411  0.8637    -0.1329    -0.7308  0.9838  0.9456       2
   1.929  -2.411  0.8637    -0.1329    -0.7308  0.9838  0.9456       2
   1.895  -2.412  0.8778    -0.1484    -0.7294  0.9689  0.9262       2
   1.859  -2.416  0.8905    -0.1647    -0.7258  0.9531  0.9057       2
   1.859  -2.416  0.8905    -0.1647    -0.7258  0.9531  0.9057       2
   1.859  -2.416  0.8905    -0.1647    -0.7258  0.9531  0.9057       2
   1.828   -2.42  0.8964     -0.175    -0.7214   0.939  0.8888       2
   1.828   -2.42  0.8964     -0.175    -0.7214   0.939  0.8888       2
   1.796  -2.423  0.8987      -0.18    -0.7187  0.9241  0.8723       2
   1.765  -2.428  0.8989    -0.1853    -0.7136   0.909  0.8557       2
   1.732  -2.431  0.8975    -0.1865     -0.711  0.8927  0.8391       2
   1.732  -2.431  0.8975    -0.1865     -0.711  0.8927  0.8391       2
   1.732  -2.431  0.8975    -0.1865     -0.711  0.8927  0.8391       2
   1.732  -2.431  0.8975    -0.1865     -0.711  0.8927  0.8391       2
   1.674  -2.437   0.893    -0.1885    -0.7045  0.8639  0.8097       2
   1.674  -2.437   0.893    -0.1885    -0.7045  0.8639  0.8097       2
   1.674  -2.437   0.893    -0.1885    -0.7045  0.8639  0.8097       2
   1.648   -2.44  0.8945    -0.1933    -0.7012  0.8516  0.7961       2
   1.621  -2.444  0.8957    -0.1983    -0.6974  0.8392  0.7822       2
   1.621  -2.444  0.8957    -0.1983    -0.6974  0.8392  0.7822       2
   1.596   -2.45  0.8936    -0.2021    -0.6915  0.8272  0.7691       2
   1.573   -2.45  0.8882    -0.1965    -0.6918  0.8145  0.7581       2
   1.573   -2.45  0.8882    -0.1965    -0.6918  0.8145  0.7581       2
   1.573   -2.45  0.8882    -0.1965    -0.6918  0.8145  0.7581       2
   1.548  -2.456  0.8829    -0.1975    -0.6853  0.8023  0.7455       2
   1.527   -2.46  0.8716    -0.1899    -0.6817  0.7908  0.7362       2
   1.527   -2.46  0.8716    -0.1899    -0.6817  0.7908  0.7362       2
   1.506  -2.463  0.8598     -0.181    -0.6788  0.7789  0.7269       2
   1.506  -2.463  0.8598     -0.181    -0.6788  0.7789  0.7269       2
   1.481  -2.468  0.8484    -0.1747    -0.6737  0.7657  0.7155       2
    1.46  -2.469    0.84    -0.1673    -0.6728  0.7542  0.7061       2
    1.46  -2.469    0.84    -0.1673    -0.6728  0.7542  0.7061       2
    1.46  -2.469    0.84    -0.1673    -0.6728  0.7542  0.7061       2
    1.44  -2.472  0.8335    -0.1639    -0.6696  0.7435  0.6964       2
   1.435  -2.483  0.8318    -0.1732    -0.6585  0.7424  0.6926       2
   1.435  -2.483  0.8318    -0.1732    -0.6585  0.7424  0.6926       2
   1.435  -2.483  0.8318    -0.1732    -0.6585  0.7424  0.6926       2
   1.435  -2.483  0.8318    -0.1732    -0.6585  0.7424  0.6926       2
   1.413  -2.487  0.8208    -0.1661    -0.6548  0.7302  0.6825       2
   1.394  -2.488  0.8127    -0.1587     -0.654  0.7199  0.6743       2
   1.373   -2.49  0.8052     -0.154    -0.6512  0.7088  0.6645       2
   1.373   -2.49  0.8052     -0.154    -0.6512  0.7088  0.6645       2
   1.373   -2.49  0.8052     -0.154    -0.6512  0.7088  0.6645       2
   1.355  -2.492  0.7986    -0.1487      -0.65  0.6987   0.656       2
   1.355  -2.492  0.7986    -0.1487      -0.65  0.6987   0.656       2
   1.335  -2.494  0.7937    -0.1465    -0.6471  0.6886  0.6465       2
   1.315  -2.496  0.7876    -0.1425    -0.6452  0.6781  0.6372       2
   1.296    -2.5  0.7814    -0.1399    -0.6415  0.6683  0.6281       2
   1.296    -2.5  0.7814    -0.1399    -0.6415  0.6683  0.6281       2
   1.296    -2.5  0.7814    -0.1399    -0.6415  0.6683  0.6281       2
   1.296    -2.5  0.7814    -0.1399    -0.6415  0.6683  0.6281       2
   1.277  -2.502  0.7754    -0.1356    -0.6398  0.6581  0.6191       2
   1.256  -2.503    0.77    -0.1315    -0.6385  0.6469  0.6091       2
   1.256  -2.503    0.77    -0.1315    -0.6385  0.6469  0.6091       2
   1.236  -2.504  0.7679    -0.1307    -0.6371  0.6369  0.5993       2
   1.214  -2.507  0.7646      -0.13    -0.6345  0.6256  0.5882       2
   1.214  -2.507  0.7646      -0.13    -0.6345  0.6256  0.5882       2
   1.196  -2.508  0.7599    -0.1266    -0.6333   0.616  0.5796       2
   1.179   -2.51  0.7539    -0.1224    -0.6315  0.6069  0.5718       2
   1.179   -2.51  0.7539    -0.1224    -0.6315  0.6069  0.5718       2
   1.161  -2.513  0.7476    -0.1191    -0.6286  0.5975  0.5633       2
   1.161  -2.513  0.7476    -0.1191    -0.6286  0.5975  0.5633       2
   1.161  -2.513  0.7476    -0.1191    -0.6286  0.5975  0.5633       2
   1.143  -2.513  0.7439    -0.1153    -0.6286  0.5882   0.555       2
   1.125  -2.516  0.7403    -0.1143     -0.626   0.579  0.5461       2
   1.109  -2.515   0.737    -0.1104    -0.6266  0.5701  0.5384       2
   1.109  -2.515   0.737    -0.1104    -0.6266  0.5701  0.5384       2
   1.092  -2.517   0.736    -0.1114    -0.6246   0.562    0.53       2
   1.075  -2.517  0.7348    -0.1098     -0.625  0.5535  0.5219       2
   1.075  -2.517  0.7348    -0.1098     -0.625  0.5535  0.5219       2
   1.075  -2.517  0.7348    -0.1098     -0.625  0.5535  0.5219       2
   1.059  -2.518  0.7349    -0.1114    -0.6235  0.5453  0.5133       2
   1.041   -2.52  0.7343    -0.1129    -0.6215  0.5368  0.5043       2
   1.041   -2.52  0.7343    -0.1129    -0.6215  0.5368  0.5043       2
   1.025  -2.524  0.7326    -0.1149    -0.6178  0.5289  0.4958       2
   1.025  -2.524  0.7326    -0.1149    -0.6178  0.5289  0.4958       2
   1.008  -2.526  0.7281    -0.1129    -0.6151  0.5205   0.488       2
   1.008  -2.526  0.7281    -0.1129    -0.6151  0.5205   0.488       2
  0.9899  -2.528  0.7253    -0.1113     -0.614  0.8127  0.7712       3
  0.9755  -2.529  0.7243    -0.1121    -0.6122  0.8012  0.7596       3
  0.9755  -2.529  0.7243    -0.1121    -0.6122  0.8012  0.7596       3
  0.9755  -2.529  0.7243    -0.1121    -0.6122  0.8012  0.7596       3
  0.9586  -2.531  0.7224    -0.1116    -0.6108  0.7876  0.7462       3
  0.9442  -2.532  0.7223    -0.1131    -0.6091  0.7764  0.7344       3
  0.9442  -2.532  0.7223    -0.1131    -0.6091  0.7764  0.7344       3
  0.9442  -2.532  0.7223    -0.1131    -0.6091  0.7764  0.7344       3
  0.9281  -2.537  0.7206    -0.1156    -0.6051  0.7638  0.7211       3
  0.9281  -2.537  0.7206    -0.1156    -0.6051  0.7638  0.7211       3
  0.9103  -2.537  0.7178    -0.1135    -0.6042  0.7493  0.7073       3
  0.9103  -2.537  0.7178    -0.1135    -0.6042  0.7493  0.7073       3
  0.8903  -2.545  0.7136    -0.1172    -0.5965  0.7338  0.6907       3
  0.8716  -2.546   0.709    -0.1134    -0.5956  0.7182  0.6763       3
  0.8716  -2.546   0.709    -0.1134    -0.5956  0.7182  0.6763       3
  0.8507  -2.549  0.7089    -0.1167    -0.5922   0.702  0.6591       3
  0.8507  -2.549  0.7089    -0.1167    -0.5922   0.702  0.6591       3
  0.8507  -2.549  0.7089    -0.1167    -0.5922   0.702  0.6591       3
  0.8294  -2.551  0.7086    -0.1181    -0.5905  0.6851  0.6419       3
  0.8076  -2.554  0.7068    -0.1192    -0.5876  0.6679  0.6243       3
  0.8076  -2.554  0.7068    -0.1192    -0.5876  0.6679  0.6243       3
  0.7896  -2.555  0.7079    -0.1214    -0.5865  0.6538  0.6096       3
  0.7706  -2.558  0.7077    -0.1237     -0.584   0.639  0.5941       3
  0.7706  -2.558  0.7077    -0.1237     -0.584   0.639  0.5941       3
  0.7706  -2.558  0.7077    -0.1237     -0.584   0.639  0.5941       3
  0.7319  -2.564  0.6999    -0.1228    -0.5771  0.6078  0.5633       3
  0.7319  -2.564  0.6999    -0.1228    -0.5771  0.6078  0.5633       3
  0.7319  -2.564  0.6999    -0.1228    -0.5771  0.6078  0.5633       3
  0.7117  -2.572  0.6991    -0.1292    -0.5699  0.5926  0.5461       3
  0.6932  -2.574  0.6982    -0.1302     -0.568  0.5779  0.5312       3
  0.6734  -2.578  0.6969    -0.1333    -0.5635  0.5626   0.515       3
  0.6734  -2.578  0.6969    -0.1333    -0.5635  0.5626   0.515       3
  0.6734  -2.578  0.6969    -0.1333    -0.5635  0.5626   0.515       3
  0.6541  -2.579  0.6963    -0.1338    -0.5625  0.5471  0.4994       3
  0.6365  -2.585  0.6962    -0.1395    -0.5567  0.5339  0.4845       3
  0.6365  -2.585  0.6962    -0.1395    -0.5567  0.5339  0.4845       3
  0.6365  -2.585  0.6962    -0.1395    -0.5567  0.5339  0.4845       3
  0.6182  -2.589  0.6943    -0.1419    -0.5525  0.5196  0.4695       3
  0.6019  -2.596  0.6923    -0.1465    -0.5458  0.5073  0.4558       3
  0.5852  -2.598  0.6893    -0.1456    -0.5437  0.4937  0.4426       3
  0.5852  -2.598  0.6893    -0.1456    -0.5437  0.4937  0.4426       3
  0.5852  -2.598  0.6893    -0.1456    -0.5437  0.4937  0.4426       3
  0.5852  -2.598  0.6893    -0.1456    -0.5437  0.4937  0.4426       3
  0.5702  -2.603  0.6874     -0.149    -0.5383  0.4822  0.4301       3
  0.5702  -2.603  0.6874     -0.149    -0.5383  0.4822  0.4301       3
  0.5702  -2.603  0.6874     -0.149    -0.5383  0.4822  0.4301       3
  0.5386  -2.613  0.6813     -0.153    -0.5284  0.4575  0.4043       3
  0.5386  -2.613  0.6813     -0.153    -0.5284  0.4575  0.4043       3
  0.5386  -2.613  0.6813     -0.153    -0.5284  0.4575  0.4043       3
  0.5386  -2.613  0.6813     -0.153    -0.5284  0.4575  0.4043       3
   0.508  -2.627  0.6773    -0.1628    -0.5144  0.4344  0.3783       3
  0.4918  -2.634  0.6719    -0.1644    -0.5075  0.4216  0.3652       3
  0.4759  -2.639  0.6681    -0.1659    -0.5022  0.4092  0.3523       3
  0.4759  -2.639  0.6681    -0.1659    -0.5022  0.4092  0.3523       3
    0.46  -2.643  0.6662    -0.1681    -0.4981  0.3968  0.3393       3
    0.46  -2.643  0.6662    -0.1681    -0.4981  0.3968  0.3393       3
    0.46  -2.643  0.6662    -0.1681    -0.4981  0.3968  0.3393       3
  0.4449  -2.652  0.6654    -0.1763    -0.4891  0.3858  0.3259       3
  0.4449  -2.652  0.6654    -0.1763    -0.4891  0.3858  0.3259       3
  0.4286  -2.658  0.6639    -0.1807    -0.4831  0.3734  0.3123       3
  0.4136  -2.668   0.663    -0.1894    -0.4736  0.3627   0.299       3
  0.4136  -2.668   0.663    -0.1894    -0.4736  0.3627   0.299       3
  0.3966  -2.672  0.6597    -0.1903    -0.4693  0.3493  0.2853       3
  0.3966  -2.672  0.6597    -0.1903    -0.4693  0.3493  0.2853       3
  0.3843  -2.686  0.6554    -0.1996    -0.4559  0.3407  0.2741       3
  0.3843  -2.686  0.6554    -0.1996    -0.4559  0.3407  0.2741       3
  0.3694  -2.693  0.6511    -0.2027    -0.4485  0.3293  0.2618       3
  0.3694  -2.693  0.6511    -0.2027    -0.4485  0.3293  0.2618       3
  0.3562  -2.706  0.6463    -0.2102    -0.4361  0.3198  0.2502       3
  0.3439  -2.713  0.6414    -0.2127    -0.4288  0.3103    0.24       3
  0.3338  -2.719  0.6404    -0.2179    -0.4225  0.3029  0.2311       3
  0.3338  -2.719  0.6404    -0.2179    -0.4225  0.3029  0.2311       3
  0.3338  -2.719  0.6404    -0.2179    -0.4225  0.3029  0.2311       3
  0.3199  -2.723  0.6395     -0.221    -0.4186  0.2923  0.2195       3
  0.3199  -2.723  0.6395     -0.221    -0.4186  0.2923  0.2195       3
  0.3081  -2.732  0.6409    -0.2315    -0.4094  0.2844  0.2086       3
  0.3081  -2.732  0.6409    -0.2315    -0.4094  0.2844  0.2086       3
  0.2957  -2.743  0.6407    -0.2417    -0.3991   0.276  0.1971       3
  0.2836  -2.756  0.6409    -0.2549     -0.386  0.2683  0.1856       3
  0.2734   -2.76  0.6425    -0.2608    -0.3817  0.2609  0.1765       3
  0.2734   -2.76  0.6425    -0.2608    -0.3817  0.2609  0.1765       3
  0.2734   -2.76  0.6425    -0.2608    -0.3817  0.2609  0.1765       3
  0.2607  -2.769  0.6459    -0.2732    -0.3728  0.2526  0.1645       3
  0.2474  -2.789  0.6469    -0.2947    -0.3521  0.2451  0.1508       3
  0.2474  -2.789  0.6469    -0.2947    -0.3521  0.2451  0.1508       3
  0.2364  -2.806   0.649     -0.313     -0.336   0.239  0.1393       3
  0.2257  -2.816  0.6472    -0.3218    -0.3254  0.2317  0.1295       3
  0.2257  -2.816  0.6472    -0.3218    -0.3254  0.2317  0.1295       3
  0.2176  -2.838  0.6476    -0.3436    -0.3039  0.2283  0.1198       3
  0.2176  -2.838  0.6476    -0.3436    -0.3039  0.2283  0.1198       3
  0.2176  -2.838  0.6476    -0.3436    -0.3039  0.2283  0.1198       3
  0.2176  -2.838  0.6476    -0.3436    -0.3039  0.2283  0.1198       3
  0.2066  -2.857  0.6446    -0.3596    -0.2851  0.2218  0.1087       3
  0.1964  -2.873  0.6443     -0.376    -0.2682  0.2161 0.09822       3
  0.1858    -2.9  0.6436    -0.4017    -0.2419  0.2113 0.08605       3
  0.1858    -2.9  0.6436    -0.4017    -0.2419  0.2113 0.08605       3
  0.1858    -2.9  0.6436    -0.4017    -0.2419  0.2113 0.08605       3
  0.1758  -2.914  0.6433    -0.4156    -0.2277  0.2052 0.07601       3
  0.1656   -2.95  0.6442     -0.453    -0.1912  0.2024 0.06257       3
  0.1573  -2.975  0.6441    -0.4774    -0.1668  0.1992 0.05247       3
  0.1573  -2.975  0.6441    -0.4774    -0.1668  0.1992 0.05247       3
  0.1573  -2.975  0.6441    -0.4774    -0.1668  0.1992 0.05247       3
  0.1476  -3.001  0.6438    -0.5028     -0.141   0.195  0.0411       3
  0.1376  -3.035  0.6456    -0.5394    -0.1062  0.1922 0.02803       3
  0.1376  -3.035  0.6456    -0.5394    -0.1062  0.1922 0.02803       3
  0.1286  -3.081  0.6464    -0.5856   -0.06085  0.1914 0.01436       3
  0.1286  -3.081  0.6464    -0.5856   -0.06085  0.1914 0.01436       3
  0.1286  -3.081  0.6464    -0.5856   -0.06085  0.1914 0.01436       3
  0.1208  -3.133  0.6473    -0.6389  -0.008435  0.19240.0008059       3
  0.1146   3.105  0.6467    -0.6833    0.03653  0.1934-0.01013       3
  0.1146   3.105  0.6467    -0.6833    0.03653  0.1934-0.01013       3
  0.1076   3.039  0.6448     -0.747     0.1022  0.1963 -0.0242       3
  0.1076   3.039  0.6448     -0.747     0.1022  0.1963 -0.0242       3
  0.1008   2.995  0.6415    -0.7879     0.1464  0.1962-0.03496       3
  0.1008   2.995  0.6415    -0.7879     0.1464  0.1962-0.03496       3
 0.09301   2.927  0.6289    -0.8439      0.215  0.1971-0.04829       3
 0.09301   2.927  0.6289    -0.8439      0.215  0.1971-0.04829       3
 0.09442   2.912  0.6026    -0.8317     0.2291  0.1965-0.04544       3
 0.09331   2.928  0.5818    -0.7953     0.2136  0.1908-0.04153       3
 0.09331   2.928  0.5818    -0.7953     0.2136  0.1908-0.04153       3
 0.09171   2.896  0.5634    -0.8087     0.2453  0.1912-0.04443       3
 0.09171   2.896  0.5634    -0.8087     0.2453  0.1912-0.04443       3
 0.09171   2.896  0.5634    -0.8087     0.2453  0.1912-0.04443       3
 0.09126   2.892  0.5475    -0.7975       0.25  0.1893-0.04324       3
 0.08999   2.881  0.5332    -0.7939     0.2607  0.1877-0.04371       3
 0.08794   2.873  0.5151     -0.784     0.2689  0.1847-0.04396       3
 0.08794   2.873  0.5151     -0.784     0.2689  0.1847-0.04396       3
 0.08794   2.873  0.5151     -0.784     0.2689  0.1847-0.04396       3
 0.08673    2.85   0.497    -0.7889     0.2919  0.1842-0.04545       3
  0.0849   2.856  0.4791     -0.765     0.2859  0.1795-0.04369       3
  0.0848   2.856   0.463    -0.7484     0.2854  0.1772-0.04151       3
  0.0848   2.856   0.463    -0.7484     0.2854  0.1772-0.04151       3
  0.0848   2.856   0.463    -0.7484     0.2854  0.1772-0.04151       3
 0.08555   2.856  0.4458    -0.7317     0.2859  0.1755-0.03861       3
 0.08555   2.856  0.4458    -0.7317     0.2859  0.1755-0.03861       3
 0.08388   2.845  0.4256    -0.7224     0.2969  0.1728-0.03859       3
 0.08388   2.845  0.4256    -0.7224     0.2969  0.1728-0.03859       3
 0.08276   2.856  0.4056    -0.6911     0.2855  0.1676 -0.0352       3
 0.08237   2.842   0.385    -0.6845     0.2995  0.1663-0.03451       3
 0.08105   2.856  0.3622    -0.6474     0.2852  0.1601-0.03042       3
 0.08105   2.856  0.3622    -0.6474     0.2852  0.1601-0.03042       3
 0.08105   2.856  0.3622    -0.6474     0.2852  0.1601-0.03042       3
  0.0803   2.841    0.34    -0.6408     0.3008  0.1585   -0.03       3
  0.0803   2.841    0.34    -0.6408     0.3008  0.1585   -0.03       3
 0.08014   2.847  0.3191    -0.6142     0.2951  0.1546-0.02637       3
 0.07702   2.834  0.2964    -0.6041     0.3077  0.1506-0.02737       3
 0.07702   2.834  0.2964    -0.6041     0.3077  0.1506-0.02737       3
 0.07498   2.826  0.2767    -0.5923     0.3156  0.1472-0.02725       3
 0.07498   2.826  0.2767    -0.5923     0.3156  0.1472-0.02725       3
 0.07467   2.816  0.2555    -0.5809     0.3254  0.1453 -0.0258       3
 0.07467   2.816  0.2555    -0.5809     0.3254  0.1453 -0.0258       3
 0.07384    2.81  0.2314    -0.5633     0.3318   0.142-0.02389       3
 0.07384    2.81  0.2314    -0.5633     0.3318   0.142-0.02389       3
 0.07384    2.81  0.2314    -0.5633     0.3318   0.142-0.02389       3
 0.07943   2.749  0.2203    -0.6126     0.3923  0.1532-0.02614       3
 0.08448   2.682  0.2116     -0.671     0.4595  0.1651-0.02999       3
 0.08448   2.682  0.2116     -0.671     0.4595  0.1651-0.02999       3
 0.08336   2.668  0.1946    -0.6684     0.4738  0.1638-0.03043       3
 0.08336   2.668  0.1946    -0.6684     0.4738  0.1638-0.03043       3
 0.08095   2.665  0.1757    -0.6524     0.4767  0.1596-0.03008       3
 0.08095   2.665  0.1757    -0.6524     0.4767  0.1596-0.03008       3
 0.08099    2.64  0.1565    -0.6582     0.5017  0.1603-0.03071       3
 0.07972    2.64  0.1397    -0.6414     0.5017  0.1569-0.02936       3
 0.07846   2.609  0.1266    -0.6596      0.533  0.1583-0.03275       3
 0.07846   2.609  0.1266    -0.6596      0.533  0.1583-0.03275       3
 0.07846   2.609  0.1266    -0.6596      0.533  0.1583-0.03275       3
 0.07882   2.612  0.1156    -0.6455     0.5299  0.1566-0.03049       3
  0.0786   2.628  0.1076    -0.6216      0.514  0.1531-0.02737       3
 0.07613   2.586 0.09894    -0.6549     0.5559  0.1556-0.03382       3
 0.07613   2.586 0.09894    -0.6549     0.5559  0.1556-0.03382       3
 0.07598   2.588 0.09045    -0.6436     0.5532  0.1539-0.03236       3
 0.07598   2.588 0.09045    -0.6436     0.5532  0.1539-0.03236       3
 0.07522   2.575 0.08385    -0.6504     0.5666  0.1542-0.03385       3
 0.07522   2.575 0.08385    -0.6504     0.5666  0.1542-0.03385       3
 0.07522   2.575 0.08385    -0.6504     0.5666  0.1542-0.03385       3
  0.0731    2.59 0.07706     -0.629      0.552  0.1496-0.03261       3
 0.07447    2.58 0.06966    -0.6316     0.5619   0.151-0.03182       3
 0.07447    2.58 0.06966    -0.6316     0.5619   0.151-0.03182       3
 0.07328   2.565 0.06405    -0.6409     0.5768  0.1512-0.03399       3
 0.07328   2.565 0.06405    -0.6409     0.5768  0.1512-0.03399       3
 0.07466   2.585 0.05704    -0.6135     0.5565  0.1486-0.02912       3
 0.07209   2.572 0.04753     -0.617     0.5695  0.1469 -0.0316       3
 0.07209   2.572 0.04753     -0.617     0.5695  0.1469 -0.0316       3
 0.07209   2.572 0.04753     -0.617     0.5695  0.1469 -0.0316       3
 0.07209   2.572 0.04753     -0.617     0.5695  0.1469 -0.0316       3
 0.07157   2.571  0.0397    -0.6104     0.5707  0.1456-0.03107       3
 0.06919   2.539 0.02147     -0.624     0.6025  0.1454-0.03471       3
 0.06919   2.539 0.02147     -0.624     0.6025  0.1454-0.03471       3
 0.06919   2.539 0.02147     -0.624     0.6025  0.1454-0.03471       3
 0.06918   2.5220.007617    -0.6274     0.6198  0.1458-0.03511       3
 0.06918   2.5220.007617    -0.6274     0.6198  0.1458-0.03511       3
 0.06918   2.5220.007617    -0.6274     0.6198  0.1458-0.03511       3
  0.0677   2.5270.002643     -0.617     0.6144  0.1432-0.03484       3
  0.0667   2.503-0.0004855    -0.6383     0.6388  0.1453-0.03853       3
  0.0667   2.503-0.0004855    -0.6383     0.6388  0.1453-0.03853       3
  0.0667   2.503-0.0004855    -0.6383     0.6388  0.1453-0.03853       3

