2.1192  -0.124981  -2.004  
2.11888  -0.127245  -2.00333  
2.11888  -0.127245  -2.00333  
2.11912  -0.125452  -2.00304  
2.11912  -0.125452  -2.00304  
2.1187  -0.127315  -2.00355  
2.11857  -0.126782  -2.00297  
2.11857  -0.126782  -2.00297  
2.11903  -0.125747  -2.00474  
2.11903  -0.125747  -2.00474  
2.1186  -0.125686  -2.00306  
2.1186  -0.125686  -2.00306  
2.1186  -0.125686  -2.00306  
2.11894  -0.125477  -2.00412  
2.11836  -0.126979  -2.00364  
2.11836  -0.126979  -2.00364  
2.11836  -0.126979  -2.00364  
2.11896  -0.124931  -2.00478  
2.11903  -0.124722  -2.00446  
2.11931  -0.126428  -2.00422  
2.11931  -0.126428  -2.00422  
2.11929  -0.124257  -2.00337  
2.11929  -0.124257  -2.00337  
2.11929  -0.124257  -2.00337  
2.11882  -0.125449  -2.00416  
2.11893  -0.124161  -2.0049  
2.11908  -0.125175  -2.00416  
2.11908  -0.125175  -2.00416  
2.11908  -0.125175  -2.00416  
2.11865  -0.124788  -2.00425  
2.11865  -0.124788  -2.00425  
2.11926  -0.123433  -2.0047  
2.11905  -0.124955  -2.00453  
2.11905  -0.124955  -2.00453  
2.11895  -0.12584  -2.00517  
2.11895  -0.12584  -2.00517  
2.11895  -0.12584  -2.00517  
2.11882  -0.124767  -2.00571  
2.11844  -0.125109  -2.00504  
2.11844  -0.125109  -2.00504  
2.11897  -0.125655  -2.00434  
2.11896  -0.125761  -2.00395  
2.11896  -0.125761  -2.00395  
2.11578  -0.124832  -2.00296  
2.11578  -0.124832  -2.00296  
2.11181  -0.125891  -2.00421  
2.11181  -0.125891  -2.00421  
2.11181  -0.125891  -2.00421  
2.11013  -0.125041  -2.00463  
2.10966  -0.125934  -2.00498  
2.10966  -0.125934  -2.00498  
2.11022  -0.12318  -2.00528  
2.11  -0.124069  -2.00648  
2.11  -0.124069  -2.00648  
2.11029  -0.124628  -2.00643  
2.11009  -0.124934  -2.00568  
2.11009  -0.124934  -2.00568  
2.11009  -0.124934  -2.00568  
2.11022  -0.122598  -2.0053  
2.11022  -0.122598  -2.0053  
2.10978  -0.124191  -2.00561  
2.10978  -0.124191  -2.00561  
2.10832  -0.122094  -2.00589  
2.10584  -0.124557  -2.00679  
2.10584  -0.124557  -2.00679  
2.10546  -0.125068  -2.00656  
2.10546  -0.125068  -2.00656  
2.10603  -0.124436  -2.0077  
2.10603  -0.124436  -2.0077  
2.10481  -0.124281  -2.00535  
2.10507  -0.123548  -2.00611  
2.10507  -0.123548  -2.00611  
2.10499  -0.122673  -2.00582  
2.10488  -0.123499  -2.00675  
2.10488  -0.123499  -2.00675  
2.10631  -0.123441  -2.00649  
2.10631  -0.123441  -2.00649  
2.10525  -0.124233  -2.00711  
2.10525  -0.124233  -2.00711  
2.10507  -0.125479  -2.00624  
2.10572  -0.12271  -2.00775  
2.10572  -0.12271  -2.00775  
2.10456  -0.12343  -2.00742  
2.10456  -0.12343  -2.00742  
2.10481  -0.122618  -2.00609  
2.10481  -0.122618  -2.00609  
2.10397  -0.124963  -2.00514  
2.10426  -0.124021  -2.00412  
2.10426  -0.124021  -2.00412  
2.10426  -0.124021  -2.00412  
2.10584  -0.125604  -2.0066  
2.10584  -0.125604  -2.0066  
2.1059  -0.125172  -2.00539  
2.10408  -0.125518  -2.00473  
2.10408  -0.125518  -2.00473  
2.10361  -0.124346  -2.00488  
2.10361  -0.124346  -2.00488  
2.10302  -0.122871  -2.00585  
2.10076  -0.124304  -2.00584  
2.10076  -0.124304  -2.00584  
2.09804  -0.124261  -2.00695  
2.09804  -0.124261  -2.00695  
2.09647  -0.123169  -2.00531  
2.09647  -0.123169  -2.00531  
2.09683  -0.124582  -2.00726  
2.09683  -0.124582  -2.00726  
2.09699  -0.124417  -2.00565  
2.09714  -0.123937  -2.00665  
2.09714  -0.123937  -2.00665  
2.09701  -0.123252  -2.0065  
2.09701  -0.123252  -2.0065  
2.09599  -0.126252  -2.00515  
2.09599  -0.126252  -2.00515  
2.097  -0.124491  -2.00603  
2.097  -0.124491  -2.00603  
2.09658  -0.124073  -2.00584  
2.09658  -0.124073  -2.00584  
2.09642  -0.124047  -2.00653  
2.09642  -0.124047  -2.00653  
2.09641  -0.123339  -2.00636  
2.09617  -0.123755  -2.00734  
2.09617  -0.123755  -2.00734  
2.09682  -0.123064  -2.00647  
2.09682  -0.123064  -2.00647  
2.09595  -0.123588  -2.00719  
2.09595  -0.123588  -2.00719  
2.09564  -0.124383  -2.0069  
2.0958  -0.125728  -2.0072  
2.0958  -0.125728  -2.0072  
2.09636  -0.123369  -2.00714  
2.09653  -0.124308  -2.00711  
2.09653  -0.124308  -2.00711  
2.09653  -0.124308  -2.00711  
2.09677  -0.121801  -2.00727  
2.09677  -0.121801  -2.00727  
2.09581  -0.123897  -2.00732  
2.09581  -0.123897  -2.00732  
2.09607  -0.123996  -2.00833  
2.09636  -0.124572  -2.00678  
2.09636  -0.124572  -2.00678  
2.09564  -0.124226  -2.00785  
2.09564  -0.124226  -2.00785  
2.09592  -0.12455  -2.00649  
2.09583  -0.124342  -2.00734  
2.09583  -0.124342  -2.00734  
2.09592  -0.123308  -2.00722  
2.09592  -0.123308  -2.00722  
2.09653  -0.123083  -2.00752  
2.0964  -0.122846  -2.00699  
2.0964  -0.122846  -2.00699  
2.09636  -0.123695  -2.00711  
2.09636  -0.123695  -2.00711  
2.09619  -0.12339  -2.00709  
2.09619  -0.12339  -2.00709  
2.09644  -0.123402  -2.00588  
2.09566  -0.123943  -2.00726  
2.09566  -0.123943  -2.00726  
2.09566  -0.123943  -2.00726  
2.09618  -0.124177  -2.00812  
2.09618  -0.124177  -2.00812  
2.09613  -0.121492  -2.00777  
2.09615  -0.122245  -2.00765  
2.09615  -0.122245  -2.00765  
2.09615  -0.122245  -2.00765  
2.09588  -0.122941  -2.00846  
2.09648  -0.122931  -2.00894  
2.09648  -0.122931  -2.00894  
2.0962  -0.1232  -2.00776  
2.0962  -0.1232  -2.00776  
2.0962  -0.1232  -2.00776  
2.09592  -0.124228  -2.0085  
2.09592  -0.124228  -2.0085  
2.09592  -0.124228  -2.0085  
2.09626  -0.122678  -2.00723  
2.09562  -0.123868  -2.00784  
2.0962  -0.122388  -2.00732  
2.0962  -0.122388  -2.00732  
2.09619  -0.122949  -2.00895  
2.09619  -0.122949  -2.00895  
2.09619  -0.122949  -2.00895  
2.09604  -0.123786  -2.01001  
2.09631  -0.123343  -2.00789  
2.09631  -0.123343  -2.00789  
2.09631  -0.123343  -2.00789  
2.09636  -0.12334  -2.00762  
2.09631  -0.122594  -2.00816  
2.09599  -0.12403  -2.00874  
2.09599  -0.12403  -2.00874  
2.09599  -0.12403  -2.00874  
2.09635  -0.123286  -2.00854  
2.09642  -0.121876  -2.00845  
2.09642  -0.121876  -2.00845  
2.09591  -0.122443  -2.00748  
2.09614  -0.123801  -2.00827  
2.09614  -0.123801  -2.00827  
2.09613  -0.123929  -2.00792  
2.09613  -0.123929  -2.00792  
2.09647  -0.121719  -2.00774  
2.09647  -0.121719  -2.00774  
2.09594  -0.123295  -2.00779  
2.09594  -0.123295  -2.00779  
2.09416  -0.125669  -2.00731  
2.09416  -0.125669  -2.00731  
2.09177  -0.123265  -2.00659  
2.08576  -0.121886  -2.00778  
2.08576  -0.121886  -2.00778  
2.08576  -0.121886  -2.00778  
2.0813  -0.121012  -2.0087  
2.07796  -0.121389  -2.0096  
2.07796  -0.121389  -2.0096  
2.07796  -0.121389  -2.0096  
2.07705  -0.123138  -2.01002  
2.07773  -0.12179  -2.00937  
2.07773  -0.12179  -2.00937  
2.07637  -0.121556  -2.00881  
2.07637  -0.121556  -2.00881  
2.07148  -0.12201  -2.01  
2.06254  -0.121055  -2.00907  
2.06254  -0.121055  -2.00907  
2.05703  -0.120813  -2.00937  
2.05703  -0.120813  -2.00937  
2.05703  -0.120813  -2.00937  
2.05459  -0.121016  -2.01139  
2.05213  -0.122969  -2.01035  
2.05213  -0.122969  -2.01035  
2.0451  -0.118868  -2.01066  
2.03635  -0.120484  -2.01339  
2.03635  -0.120484  -2.01339  
2.02512  -0.119705  -2.01356  
2.01582  -0.119489  -2.01614  
2.01582  -0.119489  -2.01614  
2.00627  -0.118251  -2.01695  
2.00627  -0.118251  -2.01695  
2.00627  -0.118251  -2.01695  
1.9973  -0.118047  -2.01895  
1.9973  -0.118047  -2.01895  
1.98568  -0.116817  -2.02096  
1.97664  -0.116022  -2.02289  
1.97664  -0.116022  -2.02289  
1.96603  -0.116649  -2.02389  
1.95339  -0.114906  -2.02439  
1.95339  -0.114906  -2.02439  
1.95339  -0.114906  -2.02439  
1.94077  -0.113183  -2.02737  
1.94077  -0.113183  -2.02737  
1.92574  -0.112747  -2.03007  
1.90769  -0.110471  -2.03127  
1.90769  -0.110471  -2.03127  
1.88664  -0.109028  -2.03236  
1.88664  -0.109028  -2.03236  
1.86802  -0.107599  -2.03484  
1.86802  -0.107599  -2.03484  
1.86802  -0.107599  -2.03484  
1.86802  -0.107599  -2.03484  
1.83292  -0.106225  -2.04061  
1.81602  -0.106401  -2.04084  
1.81602  -0.106401  -2.04084  
1.80282  -0.10637  -2.04409  
1.80282  -0.10637  -2.04409  
1.79  -0.105649  -2.04675  
1.79  -0.105649  -2.04675  
1.77485  -0.106313  -2.05142  
1.77485  -0.106313  -2.05142  
1.75727  -0.10878  -2.03239  
1.74918  -0.116064  -1.99946  
1.74918  -0.116064  -1.99946  
1.74217  -0.122139  -1.96225  
1.74217  -0.122139  -1.96225  
1.74217  -0.122139  -1.96225  
1.73833  -0.131879  -1.92343  
1.73471  -0.141582  -1.8809  
1.73471  -0.141582  -1.8809  
1.73471  -0.141582  -1.8809  
1.72788  -0.153474  -1.83486  
1.72454  -0.161494  -1.79306  
1.72454  -0.161494  -1.79306  
1.72122  -0.168348  -1.74976  
1.72122  -0.168348  -1.74976  
1.72122  -0.168348  -1.74976  
1.7167  -0.179042  -1.70725  
1.71099  -0.178857  -1.66708  
1.71852  -0.188983  -1.62482  
1.71852  -0.188983  -1.62482  
1.71496  -0.1967  -1.57401  
1.71496  -0.1967  -1.57401  
1.71377  -0.199687  -1.52747  
1.71377  -0.199687  -1.52747  
1.71352  -0.207077  -1.47923  
1.71269  -0.216995  -1.42315  
1.71269  -0.216995  -1.42315  
1.70736  -0.224485  -1.38171  
1.70736  -0.224485  -1.38171  
1.70632  -0.231037  -1.33511  
1.70632  -0.231037  -1.33511  
1.68787  -0.239955  -1.28819  
1.68787  -0.239955  -1.28819  
1.68787  -0.239955  -1.28819  
1.67046  -0.247243  -1.20074  
1.67046  -0.247243  -1.20074  
1.67046  -0.247243  -1.20074  
1.65724  -0.249028  -1.15738  
1.64678  -0.251993  -1.11683  
1.64678  -0.251993  -1.11683  
1.64678  -0.251993  -1.11683  
1.63654  -0.254625  -1.07293  
1.6278  -0.261821  -1.02498  
1.6278  -0.261821  -1.02498  
1.61247  -0.265032  -0.985315  
1.59958  -0.265399  -0.943872  
1.59958  -0.265399  -0.943872  
1.58571  -0.269757  -0.904445  
1.58571  -0.269757  -0.904445  
1.58571  -0.269757  -0.904445  
1.5727  -0.266628  -0.865082  
1.5727  -0.266628  -0.865082  
1.56534  -0.26889  -0.831236  
1.5542  -0.268346  -0.799735  
1.5542  -0.268346  -0.799735  
1.54664  -0.269661  -0.767398  
1.54664  -0.269661  -0.767398  
1.53987  -0.26326  -0.736791  
1.53987  -0.26326  -0.736791  
1.53142  -0.269608  -0.706063  
1.52255  -0.263027  -0.679982  
1.52255  -0.263027  -0.679982  
1.51375  -0.265402  -0.653571  
1.51375  -0.265402  -0.653571  
1.50614  -0.259003  -0.628704  
1.50614  -0.259003  -0.628704  
1.50187  -0.260322  -0.605834  
1.50187  -0.260322  -0.605834  
1.4986  -0.255348  -0.58549  
1.4986  -0.255348  -0.58549  
1.49349  -0.257727  -0.56236  
1.49349  -0.257727  -0.56236  
1.48897  -0.254046  -0.54164  
1.48175  -0.256909  -0.523002  
1.48175  -0.256909  -0.523002  
1.47135  -0.255751  -0.503902  
1.47135  -0.255751  -0.503902  
1.46201  -0.255716  -0.48163  
1.46201  -0.255716  -0.48163  
1.45344  -0.253889  -0.46186  
1.45344  -0.253889  -0.46186  
1.43779  -0.25617  -0.443616  
1.43779  -0.25617  -0.443616  
1.42553  -0.254458  -0.425857  
1.41756  -0.24922  -0.410395  
1.41756  -0.24922  -0.410395  
1.41756  -0.24922  -0.410395  
1.40788  -0.247917  -0.3924  
1.39687  -0.24725  -0.377232  
1.39687  -0.24725  -0.377232  
1.38562  -0.245923  -0.361153  
1.38562  -0.245923  -0.361153  
1.37538  -0.242937  -0.344264  
1.37538  -0.242937  -0.344264  
1.36679  -0.239946  -0.327642  
1.35618  -0.238903  -0.31271  
1.35618  -0.238903  -0.31271  
1.34714  -0.234802  -0.296994  
1.34714  -0.234802  -0.296994  
1.34172  -0.231911  -0.284301  
1.34172  -0.231911  -0.284301  
1.33646  -0.226357  -0.270316  
1.33646  -0.226357  -0.270316  
1.33104  -0.2234  -0.255568  
1.33104  -0.2234  -0.255568  
1.33104  -0.2234  -0.255568  
1.32138  -0.222384  -0.241653  
1.31293  -0.218467  -0.230264  
1.31293  -0.218467  -0.230264  
1.3022  -0.217576  -0.216928  
1.29431  -0.212781  -0.203764  
1.29431  -0.212781  -0.203764  
1.28659  -0.209315  -0.190402  
1.28659  -0.209315  -0.190402  
1.27768  -0.206731  -0.177205  
1.27768  -0.206731  -0.177205  
1.2699  -0.20332  -0.165197  
1.26021  -0.199458  -0.151728  
1.26021  -0.199458  -0.151728  
1.25179  -0.195097  -0.140043  
1.25179  -0.195097  -0.140043  
1.25179  -0.195097  -0.140043  
1.25179  -0.195097  -0.140043  
1.23448  -0.188243  -0.118392  
1.22453  -0.185812  -0.106807  
1.22453  -0.185812  -0.106807  
1.22453  -0.185812  -0.106807  
1.21303  -0.183159  -0.095269  
1.20099  -0.179948  -0.0847481  
1.20099  -0.179948  -0.0847481  
1.20099  -0.179948  -0.0847481  
1.18886  -0.175206  -0.0747994  
1.1759  -0.172989  -0.0642371  
1.1759  -0.172989  -0.0642371  
1.1759  -0.172989  -0.0642371  
1.16536  -0.168999  -0.0551516  
1.15475  -0.164015  -0.0435313  
1.15475  -0.164015  -0.0435313  
1.14347  -0.159429  -0.0348898  
1.1326  -0.155672  -0.0236879  
1.12054  -0.152528  -0.0141243  
1.12054  -0.152528  -0.0141243  
1.12054  -0.152528  -0.0141243  
1.11028  -0.147892  -0.00528062  
1.11028  -0.147892  -0.00528062  
1.08844  -0.140707  0.00551723  
1.08844  -0.140707  0.00551723  
1.08844  -0.140707  0.00551723  
1.01735  -0.140789  0.00691774  
1.01735  -0.140789  0.00691774  
1.01735  -0.140789  0.00691774  
1.01735  -0.140789  0.00691774  
0.95623  -0.137489  0.0126947  
0.929216  -0.135531  0.013291  
0.929216  -0.135531  0.013291  
0.929216  -0.135531  0.013291  
0.902926  -0.133607  0.0162002  
0.902926  -0.133607  0.0162002  
0.902926  -0.133607  0.0162002  
0.876347  -0.132924  0.0161655  
0.876347  -0.132924  0.0161655  
0.851052  -0.132429  0.0174821  
0.851052  -0.132429  0.0174821  
0.825502  -0.1298  0.0216714  
0.80396  -0.130664  0.0195474  
0.80396  -0.130664  0.0195474  
0.781514  -0.130237  0.0212562  
0.756887  -0.127536  0.0219711  
0.756887  -0.127536  0.0219711  
0.756887  -0.127536  0.0219711  
0.756887  -0.127536  0.0219711  
0.698749  -0.122053  0.0274051  
0.666385  -0.121467  0.0277775  
0.631671  -0.121107  0.0284772  
0.631671  -0.121107  0.0284772  
0.631671  -0.121107  0.0284772  
0.599571  -0.117981  0.0318648  
0.599571  -0.117981  0.0318648  
0.568703  -0.115858  0.0327817  
0.541359  -0.115905  0.0326973  
0.541359  -0.115905  0.0326973  
0.512751  -0.113989  0.0340888  
0.512751  -0.113989  0.0340888  
0.48734  -0.111207  0.037163  
0.48734  -0.111207  0.037163  
0.464163  -0.110351  0.0346987  
0.464163  -0.110351  0.0346987  
0.436161  -0.108221  0.0376744  
0.409205  -0.106836  0.0381933  
0.409205  -0.106836  0.0381933  
0.38236  -0.106632  0.0373847  
0.38236  -0.106632  0.0373847  
0.357494  -0.106707  0.037471  
0.331707  -0.104496  0.0389714  
0.331707  -0.104496  0.0389714  
0.331707  -0.104496  0.0389714  
0.331707  -0.104496  0.0389714  
0.278352  -0.101988  0.0373581  
0.278352  -0.101988  0.0373581  
0.278352  -0.101988  0.0373581  
0.252392  -0.0992588  0.0382583  
0.224981  -0.0984538  0.0401657  
0.224981  -0.0984538  0.0401657  
0.198168  -0.0964138  0.039309  
0.170613  -0.095852  0.0403723  
0.170613  -0.095852  0.0403723  
0.143395  -0.0952381  0.0379167  
0.143395  -0.0952381  0.0379167  
0.143395  -0.0952381  0.0379167  
0.11494  -0.0953059  0.0383325  
0.11494  -0.0953059  0.0383325  
0.084403  -0.0930939  0.0396242  
0.084403  -0.0930939  0.0396242  
0.0640654  -0.092276  0.0399003  
0.0550555  -0.0893814  0.0391036  
0.0550555  -0.0893814  0.0391036  
0.0456804  -0.0824814  0.0415674  
0.0343686  -0.0755073  0.0423755  
0.0343686  -0.0755073  0.0423755  
0.0343686  -0.0755073  0.0423755  
0.024715  -0.0699468  0.0434243  
0.0195093  -0.0627555  0.0424502  
0.010281  -0.0659066  0.042475  
0.010281  -0.0659066  0.042475  
0.003247  -0.0666218  0.0392899  
0.003247  -0.0666218  0.0392899  
-0.00415631  -0.0670807  0.0409533  
-0.00415631  -0.0670807  0.0409533  
-0.00967935  -0.0667941  0.0408501  
-0.00967935  -0.0667941  0.0408501  
-0.0140877  -0.0692645  0.0401508  
-0.0208946  -0.0703303  0.0413057  
-0.0208946  -0.0703303  0.0413057  
-0.0208946  -0.0703303  0.0413057  
-0.0258339  -0.0704933  0.0414519  
-0.0289695  -0.0708168  0.0415825  
-0.0330151  -0.0707392  0.0414786  
-0.0330151  -0.0707392  0.0414786  
-0.0330151  -0.0707392  0.0414786  
-0.0330151  -0.0707392  0.0414786  
-0.0330151  -0.0707392  0.0414786  
-0.0330151  -0.0707392  0.0414786  
-0.0330151  -0.0707392  0.0414786  
-0.0330151  -0.0707392  0.0414786  
-0.0330151  -0.0707392  0.0414786  
-0.0330151  -0.0707392  0.0414786  
-0.0330151  -0.0707392  0.0414786  
-0.0330151  -0.0707392  0.0414786  
-0.0330151  -0.0707392  0.0414786  
-0.0330151  -0.0707392  0.0414786  
