   2.008  -1.633   2.119    -0.6107     -1.509  0.1755 -0.1755       1
   2.007  -1.634   2.119    -0.6115     -1.507  0.1758 -0.1758       1
   2.007  -1.634   2.119    -0.6115     -1.507  0.1758 -0.1758       1
   2.007  -1.633   2.119    -0.6109     -1.508  0.1756 -0.1756       1
   2.007  -1.633   2.119    -0.6109     -1.508  0.1756 -0.1756       1
   2.008  -1.634   2.119    -0.6114     -1.507  0.1757 -0.1757       1
   2.007  -1.634   2.119     -0.611     -1.508  0.1756 -0.1756       1
   2.007  -1.634   2.119     -0.611     -1.508  0.1756 -0.1756       1
   2.009  -1.633   2.119    -0.6109     -1.508  0.1756 -0.1756       1
   2.009  -1.633   2.119    -0.6109     -1.508  0.1756 -0.1756       1
   2.007  -1.633   2.119    -0.6105     -1.508  0.1755 -0.1755       1
   2.007  -1.633   2.119    -0.6105     -1.508  0.1755 -0.1755       1
   2.007  -1.633   2.119    -0.6105     -1.508  0.1755 -0.1755       1
   2.008  -1.633   2.119    -0.6107     -1.508  0.1755 -0.1755       1
   2.008  -1.634   2.118    -0.6109     -1.508  0.1756 -0.1756       1
   2.008  -1.634   2.118    -0.6109     -1.508  0.1756 -0.1756       1
   2.008  -1.634   2.118    -0.6109     -1.508  0.1756 -0.1756       1
   2.009  -1.633   2.119    -0.6104     -1.509  0.1754 -0.1754       1
   2.008  -1.633   2.119    -0.6104     -1.509  0.1754 -0.1754       1
   2.008  -1.634   2.119    -0.6115     -1.508  0.1758 -0.1758       1
   2.008  -1.634   2.119    -0.6115     -1.508  0.1758 -0.1758       1
   2.007  -1.633   2.119    -0.6104     -1.509  0.1754 -0.1754       1
   2.007  -1.633   2.119    -0.6104     -1.509  0.1754 -0.1754       1
   2.007  -1.633   2.119    -0.6104     -1.509  0.1754 -0.1754       1
   2.008  -1.633   2.119    -0.6105     -1.508  0.1755 -0.1755       1
   2.009  -1.633   2.119      -0.61     -1.509  0.1753 -0.1753       1
   2.008  -1.633   2.119    -0.6107     -1.508  0.1755 -0.1755       1
   2.008  -1.633   2.119    -0.6107     -1.508  0.1755 -0.1755       1
   2.008  -1.633   2.119    -0.6107     -1.508  0.1755 -0.1755       1
   2.008  -1.633   2.119      -0.61     -1.509  0.1753 -0.1753       1
   2.008  -1.633   2.119      -0.61     -1.509  0.1753 -0.1753       1
   2.008  -1.632   2.119      -0.61     -1.509  0.1753 -0.1753       1
   2.008  -1.633   2.119    -0.6105     -1.509  0.1755 -0.1755       1
   2.008  -1.633   2.119    -0.6105     -1.509  0.1755 -0.1755       1
   2.009  -1.633   2.119    -0.6108     -1.508  0.1756 -0.1756       1
   2.009  -1.633   2.119    -0.6108     -1.508  0.1756 -0.1756       1
   2.009  -1.633   2.119    -0.6108     -1.508  0.1756 -0.1756       1
    2.01  -1.633   2.119    -0.6102     -1.509  0.1754 -0.1754       1
   2.009  -1.633   2.118      -0.61     -1.508  0.1753 -0.1753       1
   2.009  -1.633   2.118      -0.61     -1.508  0.1753 -0.1753       1
   2.008  -1.633   2.119    -0.6108     -1.508  0.1755 -0.1755       1
   2.008  -1.633   2.119    -0.6108     -1.508  0.1756 -0.1756       1
   2.008  -1.633   2.119    -0.6108     -1.508  0.1756 -0.1756       1
   2.007  -1.633   2.116    -0.6072     -1.509  0.1745 -0.1745       1
   2.007  -1.633   2.116    -0.6072     -1.509  0.1745 -0.1745       1
   2.008  -1.634   2.112    -0.6037     -1.508  0.1735 -0.1735       1
   2.008  -1.634   2.112    -0.6037     -1.508  0.1735 -0.1735       1
   2.008  -1.634   2.112    -0.6037     -1.508  0.1735 -0.1735       1
   2.009  -1.633    2.11    -0.6016     -1.509  0.1729 -0.1729       1
   2.009  -1.634    2.11    -0.6016     -1.508  0.1729 -0.1729       1
   2.009  -1.634    2.11    -0.6016     -1.508  0.1729 -0.1729       1
   2.009  -1.632    2.11    -0.6008     -1.509  0.1727 -0.1727       1
    2.01  -1.633    2.11     -0.601     -1.509  0.1727 -0.1727       1
    2.01  -1.633    2.11     -0.601     -1.509  0.1727 -0.1727       1
    2.01  -1.633    2.11    -0.6015     -1.509  0.1729 -0.1729       1
    2.01  -1.633    2.11    -0.6015     -1.509  0.1729 -0.1729       1
    2.01  -1.633    2.11    -0.6015     -1.509  0.1729 -0.1729       1
    2.01  -1.633    2.11    -0.6015     -1.509  0.1729 -0.1729       1
   2.009  -1.632    2.11    -0.6005      -1.51  0.1726 -0.1726       1
   2.009  -1.632    2.11    -0.6005      -1.51  0.1726 -0.1726       1
   2.009  -1.633    2.11    -0.6008     -1.509  0.1727 -0.1727       1
   2.009  -1.633    2.11    -0.6008     -1.509  0.1727 -0.1727       1
    2.01  -1.632   2.108    -0.5983      -1.51   0.172  -0.172       1
   2.011  -1.633   2.106     -0.597     -1.509  0.1716 -0.1716       1
   2.011  -1.633   2.106     -0.597     -1.509  0.1716 -0.1716       1
    2.01  -1.633   2.105    -0.5969     -1.509  0.1716 -0.1716       1
    2.01  -1.633   2.105    -0.5969     -1.509  0.1716 -0.1716       1
   2.012  -1.633   2.106    -0.5971     -1.509  0.1716 -0.1716       1
   2.012  -1.633   2.106    -0.5971     -1.509  0.1716 -0.1716       1
   2.009  -1.633   2.105    -0.5959     -1.509  0.1713 -0.1713       1
    2.01  -1.632   2.105    -0.5958     -1.509  0.1712 -0.1712       1
    2.01  -1.632   2.105    -0.5958     -1.509  0.1712 -0.1712       1
    2.01  -1.632   2.105    -0.5953      -1.51  0.1711 -0.1711       1
   2.011  -1.632   2.105    -0.5955     -1.509  0.1712 -0.1712       1
   2.011  -1.632   2.105    -0.5955     -1.509  0.1712 -0.1712       1
    2.01  -1.632   2.106     -0.597     -1.509  0.1716 -0.1716       1
    2.01  -1.632   2.106     -0.597     -1.509  0.1716 -0.1716       1
   2.011  -1.633   2.105    -0.5963     -1.509  0.1714 -0.1714       1
   2.011  -1.633   2.105    -0.5963     -1.509  0.1714 -0.1714       1
    2.01  -1.633   2.105    -0.5967     -1.508  0.1715 -0.1715       1
   2.011  -1.632   2.106     -0.596      -1.51  0.1713 -0.1713       1
   2.011  -1.632   2.106     -0.596      -1.51  0.1713 -0.1713       1
   2.011  -1.632   2.105    -0.5952     -1.509  0.1711 -0.1711       1
   2.011  -1.632   2.105    -0.5952     -1.509  0.1711 -0.1711       1
    2.01  -1.632   2.105    -0.5951      -1.51   0.171  -0.171       1
    2.01  -1.632   2.105    -0.5951      -1.51   0.171  -0.171       1
   2.009  -1.633   2.104    -0.5954     -1.509  0.1711 -0.1711       1
   2.008  -1.633   2.104    -0.5953     -1.509  0.1711 -0.1711       1
   2.008  -1.633   2.104    -0.5953     -1.509  0.1711 -0.1711       1
   2.008  -1.633   2.104    -0.5953     -1.509  0.1711 -0.1711       1
   2.011  -1.633   2.106    -0.5976     -1.508  0.1717 -0.1717       1
   2.011  -1.633   2.106    -0.5976     -1.508  0.1717 -0.1717       1
   2.009  -1.633   2.106    -0.5974     -1.508  0.1717 -0.1717       1
   2.009  -1.633   2.104    -0.5958     -1.508  0.1712 -0.1712       1
   2.009  -1.633   2.104    -0.5958     -1.508  0.1712 -0.1712       1
   2.009  -1.633   2.104    -0.5948     -1.509  0.1709 -0.1709       1
   2.009  -1.633   2.104    -0.5948     -1.509  0.1709 -0.1709       1
    2.01  -1.632   2.103    -0.5934      -1.51  0.1706 -0.1706       1
    2.01  -1.633   2.101    -0.5919     -1.509  0.1701 -0.1701       1
    2.01  -1.633   2.101    -0.5919     -1.509  0.1701 -0.1701       1
   2.011  -1.633   2.098    -0.5891     -1.509  0.1693 -0.1693       1
   2.011  -1.633   2.098    -0.5891     -1.509  0.1693 -0.1693       1
   2.009  -1.632   2.096     -0.587     -1.509  0.1687 -0.1687       1
   2.009  -1.632   2.096     -0.587     -1.509  0.1687 -0.1687       1
   2.011  -1.633   2.097     -0.588     -1.509   0.169  -0.169       1
   2.011  -1.633   2.097     -0.588     -1.509   0.169  -0.169       1
    2.01  -1.633   2.097    -0.5882     -1.509   0.169  -0.169       1
    2.01  -1.632   2.097     -0.588     -1.509   0.169  -0.169       1
    2.01  -1.632   2.097     -0.588     -1.509   0.169  -0.169       1
    2.01  -1.632   2.097    -0.5876     -1.509  0.1689 -0.1689       1
    2.01  -1.632   2.097    -0.5876     -1.509  0.1689 -0.1689       1
   2.009  -1.634   2.096    -0.5881     -1.508   0.169  -0.169       1
   2.009  -1.634   2.096    -0.5881     -1.508   0.169  -0.169       1
    2.01  -1.633   2.097    -0.5882     -1.509  0.1691 -0.1691       1
    2.01  -1.633   2.097    -0.5882     -1.509  0.1691 -0.1691       1
    2.01  -1.633   2.097    -0.5876     -1.509  0.1689 -0.1689       1
    2.01  -1.633   2.097    -0.5876     -1.509  0.1689 -0.1689       1
    2.01  -1.633   2.096    -0.5874     -1.509  0.1688 -0.1688       1
    2.01  -1.633   2.096    -0.5874     -1.509  0.1688 -0.1688       1
    2.01  -1.632   2.096     -0.587     -1.509  0.1687 -0.1687       1
   2.011  -1.632   2.096     -0.587     -1.509  0.1687 -0.1687       1
   2.011  -1.632   2.096     -0.587     -1.509  0.1687 -0.1687       1
    2.01  -1.632   2.097    -0.5873      -1.51  0.1688 -0.1688       1
    2.01  -1.632   2.097    -0.5873      -1.51  0.1688 -0.1688       1
   2.011  -1.632   2.096    -0.5867     -1.509  0.1686 -0.1686       1
   2.011  -1.632   2.096    -0.5867     -1.509  0.1686 -0.1686       1
   2.011  -1.633   2.096    -0.5867     -1.509  0.1686 -0.1686       1
   2.011  -1.633   2.096    -0.5876     -1.508  0.1689 -0.1689       1
   2.011  -1.633   2.096    -0.5876     -1.508  0.1689 -0.1689       1
   2.011  -1.632   2.096     -0.587     -1.509  0.1687 -0.1687       1
   2.011  -1.633   2.097    -0.5876     -1.509  0.1689 -0.1689       1
   2.011  -1.633   2.097    -0.5876     -1.509  0.1689 -0.1689       1
   2.011  -1.633   2.097    -0.5876     -1.509  0.1689 -0.1689       1
   2.011  -1.631   2.097    -0.5866      -1.51  0.1686 -0.1686       1
   2.011  -1.631   2.097    -0.5866      -1.51  0.1686 -0.1686       1
   2.011  -1.632   2.096    -0.5867     -1.509  0.1686 -0.1686       1
   2.011  -1.632   2.096    -0.5867     -1.509  0.1686 -0.1686       1
   2.012  -1.632   2.096    -0.5869     -1.509  0.1687 -0.1687       1
   2.011  -1.633   2.096    -0.5876     -1.509  0.1689 -0.1689       1
   2.011  -1.633   2.096    -0.5876     -1.509  0.1689 -0.1689       1
   2.012  -1.633   2.096    -0.5866     -1.509  0.1686 -0.1686       1
   2.012  -1.633   2.096    -0.5866     -1.509  0.1686 -0.1686       1
    2.01  -1.633   2.096    -0.5871     -1.509  0.1687 -0.1687       1
   2.011  -1.633   2.096    -0.5869     -1.509  0.1687 -0.1687       1
   2.011  -1.633   2.096    -0.5869     -1.509  0.1687 -0.1687       1
   2.011  -1.632   2.096    -0.5865     -1.509  0.1686 -0.1686       1
   2.011  -1.632   2.096    -0.5865     -1.509  0.1686 -0.1686       1
   2.011  -1.632   2.097     -0.587      -1.51  0.1687 -0.1687       1
   2.011  -1.632   2.096    -0.5867      -1.51  0.1686 -0.1686       1
   2.011  -1.632   2.096    -0.5867      -1.51  0.1686 -0.1686       1
   2.011  -1.632   2.096    -0.5871     -1.509  0.1687 -0.1687       1
   2.011  -1.632   2.096    -0.5871     -1.509  0.1687 -0.1687       1
   2.011  -1.632   2.096    -0.5868     -1.509  0.1687 -0.1687       1
   2.011  -1.632   2.096    -0.5868     -1.509  0.1687 -0.1687       1
    2.01  -1.632   2.096    -0.5871     -1.509  0.1687 -0.1687       1
   2.011  -1.632   2.096    -0.5865     -1.509  0.1686 -0.1686       1
   2.011  -1.632   2.096    -0.5865     -1.509  0.1686 -0.1686       1
   2.011  -1.632   2.096    -0.5865     -1.509  0.1686 -0.1686       1
   2.012  -1.633   2.096    -0.5871     -1.509  0.1688 -0.1688       1
   2.012  -1.633   2.096    -0.5871     -1.509  0.1688 -0.1688       1
   2.011  -1.631   2.096    -0.5858      -1.51  0.1684 -0.1684       1
   2.011  -1.632   2.096    -0.5862      -1.51  0.1685 -0.1685       1
   2.011  -1.632   2.096    -0.5862      -1.51  0.1685 -0.1685       1
   2.011  -1.632   2.096    -0.5862      -1.51  0.1685 -0.1685       1
   2.012  -1.632   2.096    -0.5862      -1.51  0.1685 -0.1685       1
   2.013  -1.632   2.096    -0.5868      -1.51  0.1687 -0.1687       1
   2.013  -1.632   2.096    -0.5868      -1.51  0.1687 -0.1687       1
   2.012  -1.632   2.096    -0.5867      -1.51  0.1686 -0.1686       1
   2.012  -1.632   2.096    -0.5867      -1.51  0.1686 -0.1686       1
   2.012  -1.632   2.096    -0.5867      -1.51  0.1686 -0.1686       1
   2.012  -1.633   2.096    -0.5869     -1.509  0.1687 -0.1687       1
   2.012  -1.633   2.096    -0.5869     -1.509  0.1687 -0.1687       1
   2.012  -1.633   2.096    -0.5869     -1.509  0.1687 -0.1687       1
   2.011  -1.632   2.096    -0.5865      -1.51  0.1686 -0.1686       1
   2.012  -1.632   2.096    -0.5864     -1.509  0.1686 -0.1686       1
   2.011  -1.632   2.096    -0.5863      -1.51  0.1685 -0.1685       1
   2.011  -1.632   2.096    -0.5863      -1.51  0.1685 -0.1685       1
   2.013  -1.632   2.096    -0.5865      -1.51  0.1686 -0.1686       1
   2.013  -1.632   2.096    -0.5865      -1.51  0.1686 -0.1686       1
   2.013  -1.632   2.096    -0.5865      -1.51  0.1686 -0.1686       1
   2.014  -1.632   2.096    -0.5868     -1.509  0.1686 -0.1686       1
   2.012  -1.632   2.096    -0.5869     -1.509  0.1687 -0.1687       1
   2.012  -1.632   2.096    -0.5869     -1.509  0.1687 -0.1687       1
   2.012  -1.632   2.096    -0.5869     -1.509  0.1687 -0.1687       1
   2.011  -1.632   2.096    -0.5869     -1.509  0.1687 -0.1687       1
   2.012  -1.632   2.096    -0.5865      -1.51  0.1686 -0.1686       1
   2.013  -1.632   2.096    -0.5869     -1.509  0.1687 -0.1687       1
   2.013  -1.632   2.096    -0.5869     -1.509  0.1687 -0.1687       1
   2.013  -1.632   2.096    -0.5869     -1.509  0.1687 -0.1687       1
   2.012  -1.632   2.096    -0.5869     -1.509  0.1687 -0.1687       1
   2.012  -1.631   2.096    -0.5862      -1.51  0.1685 -0.1685       1
   2.012  -1.631   2.096    -0.5862      -1.51  0.1685 -0.1685       1
   2.011  -1.632   2.096     -0.586      -1.51  0.1684 -0.1684       1
   2.012  -1.632   2.096    -0.5869     -1.509  0.1687 -0.1687       1
   2.012  -1.632   2.096    -0.5869     -1.509  0.1687 -0.1687       1
   2.012  -1.632   2.096     -0.587     -1.509  0.1687 -0.1687       1
   2.012  -1.632   2.096     -0.587     -1.509  0.1687 -0.1687       1
   2.011  -1.631   2.096    -0.5862      -1.51  0.1685 -0.1685       1
   2.011  -1.631   2.096    -0.5862      -1.51  0.1685 -0.1685       1
   2.012  -1.632   2.096    -0.5865     -1.509  0.1686 -0.1686       1
   2.012  -1.632   2.096    -0.5865     -1.509  0.1686 -0.1686       1
   2.011  -1.633   2.094    -0.5859     -1.508  0.1684 -0.1684       1
   2.011  -1.633   2.094    -0.5859     -1.508  0.1684 -0.1684       1
    2.01  -1.632   2.092    -0.5823     -1.509  0.1674 -0.1674       1
   2.011  -1.631   2.086    -0.5756      -1.51  0.1654 -0.1654       1
   2.011  -1.631   2.086    -0.5756      -1.51  0.1654 -0.1654       1
   2.011  -1.631   2.086    -0.5756      -1.51  0.1654 -0.1654       1
   2.012  -1.631   2.081    -0.5707     -1.511   0.164  -0.164       1
   2.013  -1.631   2.078    -0.5675      -1.51  0.1631 -0.1631       1
   2.013  -1.631   2.078    -0.5675      -1.51  0.1631 -0.1631       1
   2.013  -1.631   2.078    -0.5675      -1.51  0.1631 -0.1631       1
   2.014  -1.632   2.077    -0.5674      -1.51  0.1631 -0.1631       1
   2.013  -1.631   2.078    -0.5675      -1.51  0.1631 -0.1631       1
   2.013  -1.631   2.078    -0.5675      -1.51  0.1631 -0.1631       1
   2.012  -1.631   2.076     -0.566      -1.51  0.1627 -0.1627       1
   2.012  -1.631   2.076     -0.566      -1.51  0.1627 -0.1627       1
   2.014  -1.631   2.071    -0.5613      -1.51  0.1613 -0.1613       1
   2.013  -1.631   2.063    -0.5519     -1.511  0.1586 -0.1586       1
   2.013  -1.631   2.063    -0.5519     -1.511  0.1586 -0.1586       1
   2.013  -1.631   2.057    -0.5463     -1.511   0.157  -0.157       1
   2.013  -1.631   2.057    -0.5463     -1.511   0.157  -0.157       1
   2.013  -1.631   2.057    -0.5463     -1.511   0.157  -0.157       1
   2.015  -1.631   2.055    -0.5439     -1.511  0.1563 -0.1563       1
   2.014  -1.632   2.052    -0.5424      -1.51  0.1559 -0.1559       1
   2.014  -1.632   2.052    -0.5424      -1.51  0.1559 -0.1559       1
   2.014   -1.63   2.045    -0.5333     -1.512  0.1533 -0.1533       1
   2.017  -1.631   2.036    -0.5253     -1.511   0.151  -0.151       1
   2.017  -1.631   2.036    -0.5253     -1.511   0.151  -0.151       1
   2.017   -1.63   2.025    -0.5137     -1.511  0.1476 -0.1476       1
    2.02   -1.63   2.016    -0.5042     -1.512  0.1449 -0.1449       1
    2.02   -1.63   2.016    -0.5042     -1.512  0.1449 -0.1449       1
    2.02  -1.629   2.006     -0.494     -1.512   0.142  -0.142       1
    2.02  -1.629   2.006     -0.494     -1.512   0.142  -0.142       1
    2.02  -1.629   2.006     -0.494     -1.512   0.142  -0.142       1
   2.022  -1.629   1.997    -0.4849     -1.512  0.1394 -0.1394       1
   2.022  -1.629   1.997    -0.4849     -1.512  0.1394 -0.1394       1
   2.024  -1.629   1.986    -0.4726     -1.513  0.1358 -0.1358       1
   2.026  -1.628   1.977    -0.4631     -1.514  0.1331 -0.1331       1
   2.026  -1.628   1.977    -0.4631     -1.514  0.1331 -0.1331       1
   2.027  -1.628   1.966    -0.4528     -1.513  0.1301 -0.1301       1
   2.028  -1.627   1.953    -0.4393     -1.514  0.1263 -0.1263       1
   2.028  -1.627   1.953    -0.4393     -1.514  0.1263 -0.1263       1
   2.028  -1.627   1.953    -0.4393     -1.514  0.1263 -0.1263       1
   2.031  -1.627   1.941    -0.4257     -1.515  0.1224 -0.1224       1
   2.031  -1.627   1.941    -0.4257     -1.515  0.1224 -0.1224       1
   2.033  -1.626   1.926    -0.4104     -1.515   0.118  -0.118       1
   2.034  -1.625   1.908    -0.3912     -1.516  0.1124 -0.1124       1
   2.034  -1.625   1.908    -0.3912     -1.516  0.1124 -0.1124       1
   2.035  -1.624   1.887    -0.3694     -1.517  0.1062 -0.1062       1
   2.035  -1.624   1.887    -0.3694     -1.517  0.1062 -0.1062       1
   2.038  -1.624   1.868      -0.35     -1.518  0.1006 -0.1006       1
   2.038  -1.624   1.868      -0.35     -1.518  0.1006 -0.1006       1
   2.038  -1.624   1.868      -0.35     -1.518  0.1006 -0.1006       1
   2.038  -1.624   1.868      -0.35     -1.518  0.1006 -0.1006       1
   2.043  -1.623   1.833    -0.3141     -1.519 0.09029-0.09029       1
   2.044  -1.623   1.816    -0.2973     -1.519   2.129   1.958       2
   2.044  -1.623   1.816    -0.2973     -1.519   2.129   1.958       2
   2.047  -1.623   1.803     -0.284     -1.519   2.128   1.965       2
   2.047  -1.623   1.803     -0.284     -1.519   2.128   1.965       2
   2.049  -1.622    1.79    -0.2708     -1.519   2.127   1.972       2
   2.049  -1.622    1.79    -0.2708     -1.519   2.127   1.972       2
   2.054  -1.623   1.775    -0.2558     -1.519   2.128   1.981       2
   2.054  -1.623   1.775    -0.2558     -1.519   2.128   1.981       2
   2.035  -1.624   1.757    -0.2399     -1.517   2.104   1.966       2
   2.003  -1.629   1.749    -0.2364     -1.513   2.071   1.935       2
   2.003  -1.629   1.749    -0.2364     -1.513   2.071   1.935       2
   1.966  -1.633   1.742    -0.2335     -1.509   2.033   1.899       2
   1.966  -1.633   1.742    -0.2335     -1.509   2.033   1.899       2
   1.966  -1.633   1.742    -0.2335     -1.509   2.033   1.899       2
   1.928  -1.639   1.738     -0.236     -1.502   1.996    1.86       2
   1.886  -1.646   1.735     -0.239     -1.496   1.955   1.818       2
   1.886  -1.646   1.735     -0.239     -1.496   1.955   1.818       2
   1.886  -1.646   1.735     -0.239     -1.496   1.955   1.818       2
   1.841  -1.654   1.728    -0.2405     -1.487    1.91   1.772       2
     1.8  -1.661   1.725    -0.2436     -1.481    1.87    1.73       2
     1.8  -1.661   1.725    -0.2436     -1.481    1.87    1.73       2
   1.758  -1.667   1.721    -0.2463     -1.475   1.829   1.687       2
   1.758  -1.667   1.721    -0.2463     -1.475   1.829   1.687       2
   1.758  -1.667   1.721    -0.2463     -1.475   1.829   1.687       2
   1.717  -1.675   1.717    -0.2504     -1.466   1.789   1.645       2
   1.677  -1.678   1.711    -0.2471     -1.464   1.748   1.606       2
   1.636  -1.687   1.719    -0.2635     -1.455   1.712    1.56       2
   1.636  -1.687   1.719    -0.2635     -1.455   1.712    1.56       2
   1.586  -1.695   1.715    -0.2685     -1.446   1.663   1.509       2
   1.586  -1.695   1.715    -0.2685     -1.446   1.663   1.509       2
    1.54  -1.701   1.714     -0.273     -1.441   1.619   1.462       2
    1.54  -1.701   1.714     -0.273     -1.441   1.619   1.462       2
   1.494   -1.71   1.714    -0.2818     -1.432   1.575   1.413       2
    1.44  -1.722   1.713    -0.2932     -1.419   1.524   1.355       2
    1.44  -1.722   1.713    -0.2932     -1.419   1.524   1.355       2
     1.4  -1.732   1.707    -0.2976      -1.41   1.485   1.314       2
     1.4  -1.732   1.707    -0.2976      -1.41   1.485   1.314       2
   1.355  -1.742   1.706    -0.3069     -1.399   1.443   1.267       2
   1.355  -1.742   1.706    -0.3069     -1.399   1.443   1.267       2
    1.31  -1.755   1.688    -0.3012     -1.387   1.397   1.224       2
    1.31  -1.755   1.688    -0.3012     -1.387   1.397   1.224       2
    1.31  -1.755   1.688    -0.3012     -1.387   1.397   1.224       2
   1.226  -1.774    1.67    -0.3027     -1.368   1.313   1.139       2
   1.226  -1.774    1.67    -0.3027     -1.368   1.313   1.139       2
   1.226  -1.774    1.67    -0.3027     -1.368   1.313   1.139       2
   1.184  -1.783   1.657    -0.2984     -1.359    1.27   1.098       2
   1.145  -1.793   1.647    -0.2979     -1.349   1.231   1.059       2
   1.145  -1.793   1.647    -0.2979     -1.349   1.231   1.059       2
   1.145  -1.793   1.647    -0.2979     -1.349   1.231   1.059       2
   1.103  -1.804   1.637    -0.2988     -1.338   1.189   1.017       2
   1.058  -1.821   1.628    -0.3071     -1.321   1.146  0.9696       2
   1.058  -1.821   1.628    -0.3071     -1.321   1.146  0.9696       2
    1.02  -1.834   1.612    -0.3044     -1.308   1.108  0.9328       2
  0.9805  -1.845     1.6    -0.3029     -1.297   1.048   0.913       3
  0.9805  -1.845     1.6    -0.3029     -1.297   1.048   0.913       3
  0.9438  -1.861   1.586    -0.3048     -1.281   1.012  0.8761       3
  0.9438  -1.861   1.586    -0.3048     -1.281   1.012  0.8761       3
  0.9438  -1.861   1.586    -0.3048     -1.281   1.012  0.8761       3
  0.9052   -1.87   1.573    -0.3009     -1.272  0.9721  0.8384       3
  0.9052   -1.87   1.573    -0.3009     -1.272  0.9721  0.8384       3
  0.8736  -1.884   1.565    -0.3074     -1.258  0.9417  0.8056       3
  0.8436  -1.895   1.554    -0.3071     -1.247  0.9114  0.7757       3
  0.8436  -1.895   1.554    -0.3071     -1.247  0.9114  0.7757       3
  0.8134  -1.909   1.547    -0.3138     -1.233  0.8824  0.7444       3
  0.8134  -1.909   1.547    -0.3138     -1.233  0.8824  0.7444       3
  0.7824  -1.914    1.54    -0.3122     -1.228  0.8511  0.7137       3
  0.7824  -1.914    1.54    -0.3122     -1.228  0.8511  0.7137       3
  0.7558  -1.936   1.531    -0.3254     -1.206  0.8268  0.6848       3
  0.7291   -1.94   1.523    -0.3208     -1.202  0.7992  0.6589       3
  0.7291   -1.94   1.523    -0.3208     -1.202  0.7992  0.6589       3
  0.7054  -1.957   1.514    -0.3287     -1.185  0.7769  0.6339       3
  0.7054  -1.957   1.514    -0.3287     -1.185  0.7769  0.6339       3
    0.68  -1.962   1.506    -0.3261      -1.18  0.7509   0.609       3
    0.68  -1.962   1.506    -0.3261      -1.18  0.7509   0.609       3
  0.6594  -1.977   1.502    -0.3369     -1.165  0.7323  0.5865       3
  0.6594  -1.977   1.502    -0.3369     -1.165  0.7323  0.5865       3
  0.6387  -1.982   1.499    -0.3391      -1.16   0.712  0.5655       3
  0.6387  -1.982   1.499    -0.3391      -1.16   0.712  0.5655       3
  0.6186  -2.001   1.493    -0.3524     -1.141  0.6942   0.543       3
  0.6186  -2.001   1.493    -0.3524     -1.141  0.6942   0.543       3
  0.5983  -2.009   1.489    -0.3567     -1.132  0.6746  0.5219       3
  0.5827  -2.027   1.482    -0.3675     -1.114   0.661  0.5044       3
  0.5827  -2.027   1.482    -0.3675     -1.114   0.661  0.5044       3
  0.5651   -2.04   1.471    -0.3702     -1.101  0.6438  0.4864       3
  0.5651   -2.04   1.471    -0.3702     -1.101  0.6438  0.4864       3
  0.5453  -2.059   1.462    -0.3793     -1.083  0.6256   0.465       3
  0.5453  -2.059   1.462    -0.3793     -1.083  0.6256   0.465       3
   0.527  -2.073   1.453    -0.3853     -1.068  0.6083  0.4458       3
   0.527  -2.073   1.453    -0.3853     -1.068  0.6083  0.4458       3
  0.5123  -2.094   1.438    -0.3907     -1.047  0.5944  0.4301       3
  0.5123  -2.094   1.438    -0.3907     -1.047  0.5944  0.4301       3
  0.4961  -2.109   1.426    -0.3933     -1.032  0.5786  0.4136       3
  0.4801  -2.117   1.418    -0.3925     -1.025  0.5624  0.3978       3
  0.4801  -2.117   1.418    -0.3925     -1.025  0.5624  0.3978       3
  0.4801  -2.117   1.418    -0.3925     -1.025  0.5624  0.3978       3
  0.4642  -2.134   1.408    -0.4006     -1.007  0.5478  0.3805       3
   0.451  -2.151   1.397    -0.4063    -0.9906  0.5357  0.3664       3
   0.451  -2.151   1.397    -0.4063    -0.9906  0.5357  0.3664       3
  0.4369  -2.169   1.386    -0.4126     -0.973  0.5226  0.3513       3
  0.4369  -2.169   1.386    -0.4126     -0.973  0.5226  0.3513       3
  0.4214  -2.185   1.375    -0.4191    -0.9563  0.5081  0.3346       3
  0.4214  -2.185   1.375    -0.4191    -0.9563  0.5081  0.3346       3
  0.4061  -2.203   1.367    -0.4281    -0.9387  0.4944  0.3178       3
  0.3935  -2.223   1.356    -0.4378    -0.9184  0.4835  0.3036       3
  0.3935  -2.223   1.356    -0.4378    -0.9184  0.4835  0.3036       3
  0.3786   -2.24   1.347    -0.4453    -0.9018  0.4698  0.2874       3
  0.3786   -2.24   1.347    -0.4453    -0.9018  0.4698  0.2874       3
  0.3669  -2.255   1.342    -0.4552    -0.8865  0.4598   0.274       3
  0.3669  -2.255   1.342    -0.4552    -0.8865  0.4598   0.274       3
  0.3526  -2.268   1.336    -0.4628    -0.8737  0.4468  0.2583       3
  0.3526  -2.268   1.336    -0.4628    -0.8737  0.4468  0.2583       3
  0.3394  -2.289   1.331    -0.4786    -0.8525  0.4364  0.2425       3
  0.3394  -2.289   1.331    -0.4786    -0.8525  0.4364  0.2425       3
  0.3394  -2.289   1.331    -0.4786    -0.8525  0.4364  0.2425       3
  0.3284  -2.315   1.321    -0.4945    -0.8269  0.4281  0.2287       3
  0.3174   -2.33   1.313    -0.5012    -0.8117  0.4183  0.2166       3
  0.3174   -2.33   1.313    -0.5012    -0.8117  0.4183  0.2166       3
  0.3072  -2.358   1.302    -0.5183    -0.7839   0.411  0.2035       3
  0.2946  -2.378   1.294    -0.5306    -0.7638  0.4005  0.1888       3
  0.2946  -2.378   1.294    -0.5306    -0.7638  0.4005  0.1888       3
   0.283  -2.403   1.287    -0.5485    -0.7381  0.3919   0.174       3
   0.283  -2.403   1.287    -0.5485    -0.7381  0.3919   0.174       3
  0.2723  -2.433   1.278     -0.569    -0.7086  0.3847  0.1599       3
  0.2723  -2.433   1.278     -0.569    -0.7086  0.3847  0.1599       3
   0.262  -2.459    1.27    -0.5876    -0.6823  0.3775  0.1464       3
  0.2506  -2.491    1.26    -0.6099    -0.6503  0.3699  0.1313       3
  0.2506  -2.491    1.26    -0.6099    -0.6503  0.3699  0.1313       3
  0.2402  -2.519   1.252    -0.6292    -0.6226  0.3627  0.1176       3
  0.2402  -2.519   1.252    -0.6292    -0.6226  0.3627  0.1176       3
  0.2402  -2.519   1.252    -0.6292    -0.6226  0.3627  0.1176       3
  0.2402  -2.519   1.252    -0.6292    -0.6226  0.3627  0.1176       3
  0.2224   -2.58   1.234    -0.6731    -0.5614  0.3522 0.09251       3
  0.2143   -2.62   1.225    -0.7028    -0.5217  0.3491 0.07954       3
  0.2143   -2.62   1.225    -0.7028    -0.5217  0.3491 0.07954       3
  0.2143   -2.62   1.225    -0.7028    -0.5217  0.3491 0.07954       3
  0.2065  -2.662   1.213    -0.7334    -0.4796  0.3462 0.06668       3
  0.1989  -2.701   1.201    -0.7608    -0.4401  0.3431  0.0547       3
  0.1989  -2.701   1.201    -0.7608    -0.4401  0.3431  0.0547       3
  0.1989  -2.701   1.201    -0.7608    -0.4401  0.3431  0.0547       3
  0.1905  -2.738   1.189    -0.7854    -0.4035  0.3386 0.04239       3
  0.1845  -2.786   1.176    -0.8203    -0.3556  0.3382 0.03086       3
  0.1845  -2.786   1.176    -0.8203    -0.3556  0.3382 0.03086       3
  0.1845  -2.786   1.176    -0.8203    -0.3556  0.3382 0.03086       3
  0.1778  -2.826   1.165    -0.8499    -0.3154  0.3361 0.01946       3
  0.1697  -2.882   1.155    -0.8953    -0.2594  0.33510.004311       3
  0.1697  -2.882   1.155    -0.8953    -0.2594  0.33510.004311       3
  0.1632  -2.926   1.143     -0.928    -0.2154  0.3336-0.007167       3
  0.1575  -2.991   1.133    -0.9816     -0.151  0.3359-0.02099       3
  0.1532  -3.049   1.121     -1.028   -0.09234  0.3385-0.03213       3
  0.1532  -3.049   1.121     -1.028   -0.09234  0.3385-0.03213       3
  0.1532  -3.049   1.121     -1.028   -0.09234  0.3385-0.03213       3
   0.148  -3.106    1.11     -1.075   -0.03569    0.34-0.04402       3
   0.148  -3.106    1.11     -1.075   -0.03569    0.34-0.04402       3
  0.1408   3.102   1.088     -1.128    0.03919  0.3402-0.05858       3
  0.1408   3.102   1.088     -1.128    0.03919  0.3402-0.05858       3
  0.1408   3.102   1.088     -1.128    0.03919  0.3402-0.05858       3
   0.141   3.092   1.017     -1.066     0.0491  0.3311-0.04917       3
   0.141   3.092   1.017     -1.066     0.0491  0.3311-0.04917       3
   0.141   3.092   1.017     -1.066     0.0491  0.3311-0.04917       3
   0.141   3.092   1.017     -1.066     0.0491  0.3311-0.04917       3
  0.1381    3.05  0.9562     -1.048    0.09207  0.3251-0.04895       3
  0.1362   3.044  0.9292     -1.027    0.09775  0.3199-0.04751       3
  0.1362   3.044  0.9292     -1.027    0.09775  0.3199-0.04751       3
  0.1362   3.044  0.9292     -1.027    0.09775  0.3199-0.04751       3
  0.1346   3.021  0.9029     -1.024     0.1207  0.3176-0.04841       3
  0.1346   3.021  0.9029     -1.024     0.1207  0.3176-0.04841       3
  0.1346   3.021  0.9029     -1.024     0.1207  0.3176-0.04841       3
  0.1339   3.021  0.8763    -0.9974      0.121  0.3128-0.04499       3
  0.1339   3.021  0.8763    -0.9974      0.121  0.3128-0.04499       3
  0.1336    3.01  0.8511    -0.9823     0.1313    0.31-0.04287       3
  0.1336    3.01  0.8511    -0.9823     0.1313    0.31-0.04287       3
  0.1316   2.976  0.8255    -0.9909     0.1654  0.3091-0.04595       3
  0.1321   2.993   0.804    -0.9525     0.1485  0.3037-0.03945       3
  0.1321   2.993   0.804    -0.9525     0.1485  0.3037-0.03945       3
   0.132    2.98  0.7815    -0.9433     0.1618   0.302-0.03805       3
  0.1294   2.971  0.7569    -0.9275     0.1706  0.2968-0.03798       3
  0.1294   2.971  0.7569    -0.9275     0.1706  0.2968-0.03798       3
  0.1294   2.971  0.7569    -0.9275     0.1706  0.2968-0.03798       3
  0.1294   2.971  0.7569    -0.9275     0.1706  0.2968-0.03798       3
  0.1251   2.921  0.6987    -0.9196     0.2209  0.2908-0.04066       3
  0.1246   2.917  0.6664    -0.8912     0.2248  0.2857-0.03649       3
  0.1244   2.911  0.6317    -0.8626     0.2309  0.2808-0.03193       3
  0.1244   2.911  0.6317    -0.8626     0.2309  0.2808-0.03193       3
  0.1244   2.911  0.6317    -0.8626     0.2309  0.2808-0.03193       3
  0.1222   2.878  0.5996    -0.8634     0.2638  0.2784-0.03401       3
  0.1222   2.878  0.5996    -0.8634     0.2638  0.2784-0.03401       3
  0.1204   2.866  0.5687    -0.8444     0.2757  0.2734-0.03259       3
  0.1204   2.867  0.5414    -0.8163      0.275  0.2687-0.02787       3
  0.1204   2.867  0.5414    -0.8163      0.275  0.2687-0.02787       3
   0.119   2.851  0.5128    -0.8033     0.2906   0.265-0.02702       3
   0.119   2.851  0.5128    -0.8033     0.2906   0.265-0.02702       3
  0.1173   2.819  0.4873    -0.8099     0.3225  0.2641 -0.0296       3
  0.1173   2.819  0.4873    -0.8099     0.3225  0.2641 -0.0296       3
  0.1157   2.837  0.4642    -0.7688     0.3047  0.2557-0.02436       3
  0.1157   2.837  0.4642    -0.7688     0.3047  0.2557-0.02436       3
  0.1146   2.807  0.4362    -0.7712      0.335  0.2548-0.02562       3
  0.1135   2.798  0.4092    -0.7525     0.3433  0.2504-0.02351       3
  0.1135   2.798  0.4092    -0.7525     0.3433  0.2504-0.02351       3
   0.113   2.804  0.3824    -0.7196     0.3372  0.2443-0.01833       3
   0.113   2.804  0.3824    -0.7196     0.3372  0.2443-0.01833       3
  0.1131   2.804  0.3575    -0.6952     0.3377  0.2402-0.01399       3
  0.1115   2.785  0.3317    -0.6887      0.357  0.2373-0.01428       3
  0.1115   2.785  0.3317    -0.6887      0.357  0.2373-0.01428       3
  0.1115   2.785  0.3317    -0.6887      0.357  0.2373-0.01428       3
  0.1115   2.785  0.3317    -0.6887      0.357  0.2373-0.01428       3
  0.1086    2.79  0.2784    -0.6295     0.3511   0.224-0.006804       3
  0.1086    2.79  0.2784    -0.6295     0.3511   0.224-0.006804       3
  0.1086    2.79  0.2784    -0.6295     0.3511   0.224-0.006804       3
  0.1064   2.774  0.2524    -0.6203     0.3679    0.22-0.007286       3
  0.1063   2.754   0.225    -0.6123     0.3874  0.2184-0.00577       3
  0.1063   2.754   0.225    -0.6123     0.3874  0.2184-0.00577       3
  0.1041   2.754  0.1982    -0.5853     0.3871  0.2114-0.003148       3
   0.104   2.743  0.1706    -0.5693     0.3986  0.2083-0.0002893       3
   0.104   2.743  0.1706    -0.5693     0.3986  0.2083-0.0002893       3
  0.1025   2.763  0.1434    -0.5223     0.3789  0.19840.006575       3
  0.1025   2.763  0.1434    -0.5223     0.3789  0.19840.006575       3
  0.1025   2.763  0.1434    -0.5223     0.3789  0.19840.006575       3
  0.1027   2.759  0.1149    -0.4973     0.3824  0.1941 0.01137       3
  0.1027   2.759  0.1149    -0.4973     0.3824  0.1941 0.01137       3
  0.1012   2.739  0.0844    -0.4868     0.4024  0.1905  0.0119       3
  0.1012   2.739  0.0844    -0.4868     0.4024  0.1905  0.0119       3
  0.1005   2.733 0.06407    -0.4722     0.4081  0.1871 0.01398       3
 0.09756   2.729 0.05506    -0.4675     0.4124  0.1832 0.01191       3
 0.09756   2.729 0.05506    -0.4675     0.4124  0.1832 0.01191       3
 0.09236   2.675 0.04568    -0.5125     0.4668  0.1859-0.001138       3
 0.08659    2.63 0.03437    -0.5458     0.5114  0.1858-0.01264       3
 0.08659    2.63 0.03437    -0.5458     0.5114  0.1858-0.01264       3
 0.08659    2.63 0.03437    -0.5458     0.5114  0.1858-0.01264       3
 0.08233   2.586 0.02471    -0.5803     0.5556  0.1875 -0.0228       3
 0.07576   2.547 0.01951    -0.6142     0.5947  0.1867-0.03515       3
 0.07841   2.569 0.01028    -0.5828     0.5725  0.1839-0.02704       3
 0.07841   2.569 0.01028    -0.5828     0.5725  0.1839-0.02704       3
 0.07734   2.6090.003247    -0.5361     0.5328  0.1747-0.01997       3
 0.07734   2.6090.003247    -0.5361     0.5328  0.1747-0.01997       3
 0.07859   2.593-0.004156     -0.544     0.5481  0.1772-0.02003       3
 0.07859   2.593-0.004156     -0.544     0.5481  0.1772-0.02003       3
  0.0783   2.593-0.009679    -0.5392     0.5489  0.1761-0.01946       3
  0.0783   2.593-0.009679    -0.5392     0.5489  0.1761-0.01946       3
 0.08006   2.616-0.01409    -0.5113     0.5253  0.1729-0.01278       3
 0.08156   2.611-0.02089    -0.5101      0.531  0.1742-0.01104       3
 0.08156   2.611-0.02089    -0.5101      0.531  0.1742-0.01104       3
 0.08156   2.611-0.02089    -0.5101      0.531  0.1742-0.01104       3
 0.08178    2.61-0.02583    -0.5057     0.5316  0.1736-0.01001       3
 0.08212   2.611-0.02897     -0.502     0.5309  0.1732-0.008986       3
   0.082   2.611-0.03302    -0.4973     0.5303  0.1723-0.008257       3
   0.082   2.611-0.03302    -0.4973     0.5303  0.1723-0.008257       3
   0.082   2.611-0.03302    -0.4973     0.5303  0.1723-0.008257       3
   0.082   2.611-0.03302    -0.4973     0.5303  0.1723-0.008257       3
   0.082   2.611-0.03302    -0.4973     0.5303  0.1723-0.008257       3
   0.082   2.611-0.03302    -0.4973     0.5303  0.1723-0.008257       3
   0.082   2.611-0.03302    -0.4973     0.5303  0.1723-0.008257       3
   0.082   2.611-0.03302    -0.4973     0.5303  0.1723-0.008257       3
   0.082   2.611-0.03302    -0.4973     0.5303  0.1723-0.008257       3
   0.082   2.611-0.03302    -0.4973     0.5303  0.1723-0.008257       3
   0.082   2.611-0.03302    -0.4973     0.5303  0.1723-0.008257       3
   0.082   2.611-0.03302    -0.4973     0.5303  0.1723-0.008257       3
   0.082   2.611-0.03302    -0.4973     0.5303  0.1723-0.008257       3
   0.082   2.611-0.03302    -0.4973     0.5303  0.1723-0.008257       3
